wgt_fx,wgt_fx_theta,ml_theta1,alg,0,1,2,3,4
0,0.5,0.00010103952929296583,1,0.004635194732040825,0.004617023727364714,0.004591177623895814,0.004764078368087503,0.004726669611214307
0,0.5,0.00011068649317642902,1,0.004654287130748248,0.004637266630441631,0.004611510247741767,0.004784767510636591,0.004747404326801151
0,0.5,0.00012125452144746474,1,0.004676260120676941,0.004659499737450027,0.0046338398360578955,0.004807488111745357,0.004770195537432484
0,0.5,0.00013283155468678864,1,0.004700360733164571,0.004683924324673113,0.004658368086353889,0.00483244525320875,0.004795231550465951
0,0.5,0.00014551392978903415,1,0.004727067571033931,0.004710763103536237,0.004685318198429568,0.004859877372367295,0.004822739794090671
0,0.5,0.0001594071816186756,1,0.0047564172973676025,0.004740262923183673,0.004714937352471795,0.004890027890045513,0.004852972305019855
0,0.5,0.00017462692120575503,1,0.004788681407710377,0.004772697539399379,0.004747499538885017,0.004923154676943775,0.004886208643123614
0,0.5,0.00019129979778921286,1,0.0048241614763789515,0.004808370795488526,0.004783308744064795,0.004959447805131359,0.004922758898637696
0,0.5,0.0002095645527133515,1,0.004863191574180375,0.004847513846673981,0.0048225582564335135,0.0049993524402249835,0.004962967643055742
0,0.5,0.00022957317394730418,1,0.004906143423145332,0.004890477822810731,0.004865785415825051,0.005043283240532058,0.005007218002040943
0,0.5,0.00025149216083470484,1,0.0049534305857764915,0.004937781303772524,0.004913376126093049,0.005091645122394372,0.005055936519046258
0,0.5,0.000275503909598022,1,0.005005514115467838,0.0049898861152318594,0.004965794292296121,0.005144908508343426,0.005109598634651428
0,0.5,0.000301808231126864,1,0.005062908173010886,0.005047307680425325,0.005023557572283265,0.005203598209943119,0.005168420462498702
0,0.5,0.0003306240136803508,1,0.0051261874770302755,0.0051106220389167305,0.005087244401612999,0.005268300516250942,0.00523334906517827
0,0.5,0.000362191044339529,1,0.005195920644116047,0.0051804739159093316,0.005157502067875801,0.005339671338308535,0.005304970403510608
0,0.5,0.00039677200436682894,1,0.005273076023962512,0.005257586018520628,0.005235056010377258,0.005418445586363591,0.005384022223128603
0,0.5,0.0004346546550767088,1,0.005358301831581444,0.005342769767504374,0.005320720553097179,0.005505447988576404,0.005471332462916549
0,0.5,0.0004761542324069456,1,0.0054525094283549925,0.0054369377110836175,0.00541541131688181,0.005601605598113065,0.005567831818871805
0,0.5,0.0005216160701167114,1,0.005556725363733538,0.005541117913039342,0.005520159602139681,0.005707962280963083,0.005674568298298942
0,0.5,0.0005714184734400634,1,0.005672108009817907,0.005656470661410252,0.00563612908731865,0.005825695530967175,0.00579272411257719
0,0.5,0.0006259758671076102,1,0.005799966911910283,0.005784307908810601,0.005764635252847138,0.005956136023107696,0.005923635321644251
0,0.5,0.0006857422439322404,1,0.005941785339975116,0.005926115932517004,0.0059071680170665565,0.006100790393145014,0.0060688147207708844
0,0.5,0.000751214942655906,1,0.006099246617393759,0.006083581794566633,0.0060654181624116565,0.006261367823628235,0.006229978552625234
0,0.5,0.0008229387864943582,1,0.0062742649126006685,0.006258624292094025,0.006241308239641948,0.006439811126104487,0.006409077737994736
0,0.5,0.000901510616818243,1,0.00646902130965884,0.006453430219540366,0.006437028768803629,0.006638333140516521,0.006608334450385445
0,0.5,0.0009875842596970372,1,0.006686006129764547,0.006670496921427266,0.006655080712020101,0.006859459429533158,0.006830285017294072
0,0.5,0.0010818759666343272,1,0.006928068662102269,0.006912682302169295,0.006898325380217333,0.007106078432956864,0.0070778303193310315
0,0.5,0.0011851703747688548,1,0.007198475685432174,0.007183263683984112,0.007170043159543046,0.0073815004714616024,0.007354295083658549
0,0.5,0.0012983270361384327,1,0.007500980428522387,0.007486007172637889,0.007474002710791503,0.007689527257000675,0.007663497737704118
0,0.5,0.0014222875703392113,1,0.00783990393671148,0.00782524951227692,0.00781454261530303,0.008034533888005495,0.00800983281157927
0,0.5,0.0015580835001002993,1,0.008220231193908457,0.008205994795427766,0.008196667824003728,0.008421565691424868,0.008398368263585
0,0.5,0.001706844834976529,1,0.008647724806685388,0.00863402885496927,0.008626163725003263,0.008856452733265458,0.0088349605652203
0,0.5,0.001869809474587539,1,0.009129059604756998,0.009116054716568818,0.009109731194485814,0.009345945369622249,0.009326390935342516
0,0.5,0.0020483335096511015,1,0.0096719821680206,0.009659853150815712,0.009655146653516043,0.009897874869263894,0.009880526775685738
0,0.5,0.0022439025065295066,1,0.010285500075978386,0.010274473155769829,0.010271451941431106,0.010521343928290086,0.010506513153568028
0,0.5,0.0024581438691920077,1,0.010980106616605879,0.010970458148891126,0.010969179760604601,0.011226952843148728,0.01121500012839082
0,0.5,0.0026928403814619104,1,0.011768047819543156,0.011760114783539095,0.011760621578619252,0.012027068241509445,0.012018412857739386
0,0.5,0.0029499450422385003,1,0.012663640030030433,0.012657832666871333,0.012660146229546032,0.012936142628466705,0.012931272784059615
0,0.5,0.0032315973171433213,1,0.013683647859866123,0.013680464887944601,0.013684579080811705,0.013971094633074355,0.013970579839036075
0,0.5,0.0035401409418269383,1,0.014847734293315018,0.014847781221017414,0.014853653579688448,0.0151517617910177,0.015156267563938888
0,0.5,0.003878143425084265,1,0.016178997053499296,0.0161830082141164,0.016190549328112664,0.016501440037764437,0.016511745395139738
0,0.5,0.004248417414071293,1,0.01666666666666667,0.016666666666666666,0.016666666666666666,0.016949152542372878,0.016949152542372878
0,0.5,0.0046540440994113155,1,0.01666666666666667,0.016666666666666666,0.016666666666666666,0.016949152542372878,0.016949152542372878
0,0.5,0.005098398854953428,1,0.01666666666666667,0.016666666666666666,0.016666666666666666,0.016949152542372878,0.016949152542372878
0,0.5,0.005585179325541486,1,0.01666666666666667,0.016666666666666666,0.016666666666666666,0.016949152542372878,0.016949152542372878
0,0.5,0.006118436196522525,1,0.01666666666666667,0.016666666666666666,0.016666666666666666,0.016949152542372878,0.016949152542372878
0,0.5,0.006702606901039414,1,0.01666666666666667,0.016666666666666666,0.016666666666666666,0.016949152542372878,0.016949152542372878
0,0.5,0.007342552545598942,1,0.01666666666666667,0.016666666666666666,0.016666666666666666,0.016949152542372878,0.016949152542372878
0,0.5,0.00804359836118703,1,0.01666666666666667,0.016666666666666666,0.016666666666666666,0.016949152542372878,0.016949152542372878
0,0.5,0.008811578016540166,1,0.01666666666666667,0.016666666666666666,0.016666666666666666,0.016949152542372878,0.016949152542372878
0,0.5,0.009652882162320655,1,0.01666666666666667,0.016666666666666666,0.016666666666666666,0.016949152542372878,0.016949152542372878
0,0.5,0.010574511610150201,1,0.01666666666666667,0.016666666666666666,0.016666666666666666,0.016949152542372878,0.016949152542372878
0,0.5,0.011584135589024804,1,0.01666666666666667,0.016666666666666666,0.016666666666666666,0.016949152542372878,0.016949152542372878
0,0.5,0.012690155563884711,1,0.01666666666666667,0.016666666666666666,0.016666666666666666,0.016949152542372878,0.016949152542372878
0,0.5,0.013901775147398033,1,0.01666666666666667,0.016666666666666666,0.016666666666666666,0.016949152542372878,0.016949152542372878
0,0.5,0.015229076686720537,1,0.01666666666666667,0.016666666666666666,0.016666666666666666,0.016949152542372878,0.016949152542372878
0,0.5,0.01668310516253918,1,0.01666666666666667,0.016666666666666666,0.016666666666666666,0.016949152542372878,0.016949152542372878
0,0.5,0.018275960098555182,1,0.01666666666666667,0.016666666666666666,0.016666666666666666,0.016949152542372878,0.016949152542372878
0,0.5,0.020020896246220422,1,0.01666666666666667,0.016666666666666666,0.016666666666666666,0.016949152542372878,0.016949152542372878
0,0.5,0.021932433882563097,1,0.01666666666666667,0.016666666666666666,0.016666666666666666,0.016949152542372878,0.016949152542372878
0,0.5,0.02402647963893283,1,0.01666666666666667,0.016666666666666666,0.016666666666666666,0.016949152542372878,0.016949152542372878
0,0.5,0.02632045886612708,1,0.01666666666666667,0.016666666666666666,0.016666666666666666,0.016949152542372878,0.016949152542372878
0,0.5,0.028833460637359438,1,0.01666666666666667,0.016666666666666666,0.016666666666666666,0.016949152542372878,0.016949152542372878
0,0.5,0.031586396595694594,1,0.01666666666666667,0.016666666666666666,0.016666666666666666,0.016949152542372878,0.016949152542372878
0,0.5,0.03460217496777994,1,0.01666666666666667,0.016666666666666666,0.016666666666666666,0.016949152542372878,0.016949152542372878
0,0.5,0.03790589119190814,1,0.01666666666666667,0.016666666666666666,0.016666666666666666,0.016949152542372878,0.016949152542372878
0,0.5,0.041525036746699245,1,0.01666666666666667,0.016666666666666666,0.016666666666666666,0.016949152542372878,0.016949152542372878
0,0.5,0.045489727918145324,1,0.01666666666666667,0.016666666666666666,0.016666666666666666,0.016949152542372878,0.016949152542372878
0,0.5,0.04983295640867499,1,0.01666666666666667,0.016666666666666666,0.016666666666666666,0.016949152542372878,0.016949152542372878
0,0.5,0.05459086387365118,1,0.01666666666666667,0.016666666666666666,0.016666666666666666,0.016949152542372878,0.016949152542372878
0,0.5,0.059803042669824884,1,0.01666666666666667,0.016666666666666666,0.016666666666666666,0.016949152542372878,0.016949152542372878
0,0.5,0.06551286531838678,1,0.01666666666666667,0.016666666666666666,0.016666666666666666,0.016949152542372878,0.016949152542372878
0,0.5,0.07176784542420427,1,0.01666666666666667,0.016666666666666666,0.016666666666666666,0.016949152542372878,0.016949152542372878
0,0.5,0.0786200330545901,1,0.01666666666666667,0.016666666666666666,0.016666666666666666,0.016949152542372878,0.016949152542372878
0,0.5,0.08612644786769943,1,0.01666666666666667,0.016666666666666666,0.016666666666666666,0.016949152542372878,0.016949152542372878
0,0.5,0.09434955359478159,1,0.01666666666666667,0.016666666666666666,0.016666666666666666,0.016949152542372878,0.016949152542372878
0,0.5,0.10335777782463355,1,0.01666666666666667,0.016666666666666666,0.016666666666666666,0.016949152542372878,0.016949152542372878
0,0.5,0.1132260814155794,1,0.01666666666666667,0.016666666666666666,0.016666666666666666,0.016949152542372878,0.016949152542372878
0,0.5,0.12403658227326897,1,0.01666666666666667,0.016666666666666666,0.016666666666666666,0.016949152542372878,0.016949152542372878
0,0.5,0.13587923868498822,1,0.01666666666666667,0.016666666666666666,0.016666666666666666,0.016949152542372878,0.016949152542372878
0,0.5,0.14885259789676566,1,0.01666666666666667,0.016666666666666666,0.016666666666666666,0.016949152542372878,0.016949152542372878
0,0.5,0.1630646161624697,1,0.01666666666666667,0.016666666666666666,0.016666666666666666,0.016949152542372878,0.016949152542372878
0,0.5,0.17863355708883688,1,0.01666666666666667,0.016666666666666666,0.016666666666666666,0.016949152542372878,0.016949152542372878
0,0.5,0.19568897575190206,1,0.01666666666666667,0.016666666666666666,0.016666666666666666,0.016949152542372878,0.016949152542372878
0,0.5,0.2143727967740367,1,0.01666666666666667,0.016666666666666666,0.016666666666666666,0.016949152542372878,0.016949152542372878
0,0.75,0.00010103952929296583,1,0.004618625166750807,0.0046150984351439345,0.004589256443017787,0.004765348250492844,0.004733875593261973
0,0.75,0.00011068649317642902,1,0.004638148613461678,0.004634729255387536,0.0046089461596767875,0.004785282844775476,0.00475399305371786
0,0.75,0.00012125452144746474,1,0.004659585251070499,0.004656181806336803,0.004630440714677805,0.004807188355617024,0.004776106105234248
0,0.75,0.00013283155468678864,1,0.004683127267655006,0.00467971203132697,0.004654107172555635,0.0048312465672330435,0.004800382530174053
0,0.75,0.00014551392978903415,1,0.004708958690553387,0.004705561877626918,0.004680106810153112,0.004857675294918446,0.004826889325807984
0,0.75,0.0001594071816186756,1,0.004737316332715072,0.00473309004721366,0.004708677252219327,0.004886715680548666,0.004856009515929493
0,0.75,0.00017462692120575503,1,0.004768564808463481,0.004764248575196639,0.0047400816572187475,0.004918634846260923,0.004888017172368508
0,0.75,0.00019129979778921286,1,0.004802971196164474,0.004798510951081859,0.004774260261624253,0.004953729080945383,0.004923209611687322
0,0.75,0.0002095645527133515,1,0.004840807270279428,0.0048361990605765995,0.004812214842240043,0.004991900426994774,0.004961916407507732
0,0.75,0.00022957317394730418,1,0.00488241217820489,0.004877671050071196,0.004853978239339281,0.005034334789696161,0.005004504231685282
0,0.75,0.00025149216083470484,1,0.004928211089141056,0.0049233252773736875,0.004899951054621643,0.005081042864800181,0.00505138051088748
0,0.75,0.000275503909598022,1,0.004978648787183843,0.004973605371494893,0.004950579743735279,0.005132477059339157,0.00510299936543112
0,0.75,0.000301808231126864,1,0.005034221396795314,0.005029006622970019,0.005006362007658831,0.005189141946788606,0.005159895255265354
0,0.75,0.0003306240136803508,1,0.005095483059988426,0.005090081899261702,0.005067854013196369,0.005251601033053987,0.005222618082585788
0,0.75,0.000362191044339529,1,0.005163053606225504,0.005157450330219526,0.0051356775401808,0.005320484265641052,0.0052917910841882255
0,0.75,0.00039677200436682894,1,0.005237627380875948,0.005231837039353427,0.005210544371097543,0.005396497193030707,0.0053681224523457645
0,0.75,0.0004346546550767088,1,0.005319983428130709,0.005314085165930888,0.005293251962591144,0.005480478909846152,0.005452406471605145
0,0.75,0.0004761542324069456,1,0.005410997260037406,0.005404985138257541,0.00538465132824735,0.005573283547786055,0.005545535435147518
0,0.75,0.0005216160701167114,1,0.005511654485914323,0.0055055228719391065,0.00548573140765046,0.005675903646874018,0.005648513438452019
0,0.75,0.0005714184734400634,1,0.005623066627159666,0.0056168103986292935,0.005597607387443923,0.005789467374296927,0.005762472377465876
0,0.75,0.0006259758671076102,1,0.005746489502992894,0.005740104306202593,0.00572153912245873,0.005915248827832043,0.0058886905393288405
0,0.75,0.0006857422439322404,1,0.005883344644863764,0.005876827219785606,0.005858952589569279,0.006054689614846601,0.006028614246275256
0,0.75,0.000751214942655906,1,0.006035244283436756,0.006028592870117832,0.006011464918708063,0.006209424021327707,0.006183883099949662
0,0.75,0.0008229387864943582,1,0.006204020554955065,0.006197235399134033,0.006180913648444972,0.006381308419761562,0.006356359476784026
0,0.75,0.000901510616818243,1,0.006391759696706031,0.006384843676208564,0.006369390976543792,0.006572455687860383,0.006548163048606064
0,0.75,0.0009875842596970372,1,0.0066008421481995256,0.00659380154615031,0.006579283922904357,0.006785275557326585,0.006761711250247779
0,0.75,0.0010818759666343272,1,0.006833989650270751,0.006826835106547709,0.006813321498021371,0.007022521987789566,0.00699976679235688
0,0.75,0.0011851703747688548,1,0.00709432064430727,0.007087068323146996,0.007074630180223728,0.0072873488714388385,0.007265493528584452
0,0.75,0.0012983270361384327,1,0.007385415524986453,0.007378088544449072,0.0073667992563140605,0.00758337562552518,0.007562522238666233
0,0.75,0.0014222875703392113,1,0.007711393600458495,0.007704023778839935,0.007693957880976457,0.007914764530985406,0.007895028190831047
0,0.75,0.0015580835001002993,1,0.008077003973612914,0.008069633959171778,0.008060866070257314,0.008286312035769641,0.008267822708287655
0,0.75,0.001706844834976529,1,0.008487732988663739,0.008480418852590137,0.008473022275298328,0.008703556672768661,0.008686461397050756
0,0.75,0.001869809474587539,1,0.008949931402862933,0.008942745791716894,0.008936790698401224,0.00917290675865377,0.009157372210204863
0,0.75,0.0020483335096511015,1,0.009470965060592045,0.00946400102403,0.00945955213132963,0.00970179165836223,0.009688007143829938
0,0.75,0.0022439025065295066,1,0.01005939358664595,0.010052769219796589,0.010049882835774132,0.010298841140671509,0.010287022102562736
0,0.75,0.0024581438691920077,1,0.010725182501509471,0.010719046569648548,0.010717766872433246,0.010974098237634195,0.010964490362538066
0,0.75,0.0026928403814619104,1,0.01147995522298432,0.011474493970145177,0.011474848347360816,0.011739272083775693,0.01173215612551033
0,0.75,0.0029499450422385003,1,0.012337292690616343,0.012332738074601595,0.01233473131708269,0.012608038484897457,0.012603735935398337
0,0.75,0.0032315973171433213,1,0.013313089873945385,0.013309729519250081,0.013313336619460985,0.013596397493074636,0.013595277259440037
0,0.75,0.0035401409418269383,1,0.01442598025297359,0.01442416947203751,0.014429326725730654,0.014723099094371144,0.01472558537110562
0,0.75,0.003878143425084265,1,0.01569784154979113,0.01569801785374737,0.015704611900953062,0.016010150309357988,0.016016731871505634
0,0.75,0.004248417414071293,1,0.01666666666666667,0.016666666666666666,0.016666666666666666,0.016949152542372878,0.016949152542372878
0,0.75,0.0046540440994113155,1,0.01666666666666667,0.016666666666666666,0.016666666666666666,0.016949152542372878,0.016949152542372878
0,0.75,0.005098398854953428,1,0.01666666666666667,0.016666666666666666,0.016666666666666666,0.016949152542372878,0.016949152542372878
0,0.75,0.005585179325541486,1,0.01666666666666667,0.016666666666666666,0.016666666666666666,0.016949152542372878,0.016949152542372878
0,0.75,0.006118436196522525,1,0.01666666666666667,0.016666666666666666,0.016666666666666666,0.016949152542372878,0.016949152542372878
0,0.75,0.006702606901039414,1,0.01666666666666667,0.016666666666666666,0.016666666666666666,0.016949152542372878,0.016949152542372878
0,0.75,0.007342552545598942,1,0.01666666666666667,0.016666666666666666,0.016666666666666666,0.016949152542372878,0.016949152542372878
0,0.75,0.00804359836118703,1,0.01666666666666667,0.016666666666666666,0.016666666666666666,0.016949152542372878,0.016949152542372878
0,0.75,0.008811578016540166,1,0.01666666666666667,0.016666666666666666,0.016666666666666666,0.016949152542372878,0.016949152542372878
0,0.75,0.009652882162320655,1,0.01666666666666667,0.016666666666666666,0.016666666666666666,0.016949152542372878,0.016949152542372878
0,0.75,0.010574511610150201,1,0.01666666666666667,0.016666666666666666,0.016666666666666666,0.016949152542372878,0.016949152542372878
0,0.75,0.011584135589024804,1,0.01666666666666667,0.016666666666666666,0.016666666666666666,0.016949152542372878,0.016949152542372878
0,0.75,0.012690155563884711,1,0.01666666666666667,0.016666666666666666,0.016666666666666666,0.016949152542372878,0.016949152542372878
0,0.75,0.013901775147398033,1,0.01666666666666667,0.016666666666666666,0.016666666666666666,0.016949152542372878,0.016949152542372878
0,0.75,0.015229076686720537,1,0.01666666666666667,0.016666666666666666,0.016666666666666666,0.016949152542372878,0.016949152542372878
0,0.75,0.01668310516253918,1,0.01666666666666667,0.016666666666666666,0.016666666666666666,0.016949152542372878,0.016949152542372878
0,0.75,0.018275960098555182,1,0.01666666666666667,0.016666666666666666,0.016666666666666666,0.016949152542372878,0.016949152542372878
0,0.75,0.020020896246220422,1,0.01666666666666667,0.016666666666666666,0.016666666666666666,0.016949152542372878,0.016949152542372878
0,0.75,0.021932433882563097,1,0.01666666666666667,0.016666666666666666,0.016666666666666666,0.016949152542372878,0.016949152542372878
0,0.75,0.02402647963893283,1,0.01666666666666667,0.016666666666666666,0.016666666666666666,0.016949152542372878,0.016949152542372878
0,0.75,0.02632045886612708,1,0.01666666666666667,0.016666666666666666,0.016666666666666666,0.016949152542372878,0.016949152542372878
0,0.75,0.028833460637359438,1,0.01666666666666667,0.016666666666666666,0.016666666666666666,0.016949152542372878,0.016949152542372878
0,0.75,0.031586396595694594,1,0.01666666666666667,0.016666666666666666,0.016666666666666666,0.016949152542372878,0.016949152542372878
0,0.75,0.03460217496777994,1,0.01666666666666667,0.016666666666666666,0.016666666666666666,0.016949152542372878,0.016949152542372878
0,0.75,0.03790589119190814,1,0.01666666666666667,0.016666666666666666,0.016666666666666666,0.016949152542372878,0.016949152542372878
0,0.75,0.041525036746699245,1,0.01666666666666667,0.016666666666666666,0.016666666666666666,0.016949152542372878,0.016949152542372878
0,0.75,0.045489727918145324,1,0.01666666666666667,0.016666666666666666,0.016666666666666666,0.016949152542372878,0.016949152542372878
0,0.75,0.04983295640867499,1,0.01666666666666667,0.016666666666666666,0.016666666666666666,0.016949152542372878,0.016949152542372878
0,0.75,0.05459086387365118,1,0.01666666666666667,0.016666666666666666,0.016666666666666666,0.016949152542372878,0.016949152542372878
0,0.75,0.059803042669824884,1,0.01666666666666667,0.016666666666666666,0.016666666666666666,0.016949152542372878,0.016949152542372878
0,0.75,0.06551286531838678,1,0.01666666666666667,0.016666666666666666,0.016666666666666666,0.016949152542372878,0.016949152542372878
0,0.75,0.07176784542420427,1,0.01666666666666667,0.016666666666666666,0.016666666666666666,0.016949152542372878,0.016949152542372878
0,0.75,0.0786200330545901,1,0.01666666666666667,0.016666666666666666,0.016666666666666666,0.016949152542372878,0.016949152542372878
0,0.75,0.08612644786769943,1,0.01666666666666667,0.016666666666666666,0.016666666666666666,0.016949152542372878,0.016949152542372878
0,0.75,0.09434955359478159,1,0.01666666666666667,0.016666666666666666,0.016666666666666666,0.016949152542372878,0.016949152542372878
0,0.75,0.10335777782463355,1,0.01666666666666667,0.016666666666666666,0.016666666666666666,0.016949152542372878,0.016949152542372878
0,0.75,0.1132260814155794,1,0.01666666666666667,0.016666666666666666,0.016666666666666666,0.016949152542372878,0.016949152542372878
0,0.75,0.12403658227326897,1,0.01666666666666667,0.016666666666666666,0.016666666666666666,0.016949152542372878,0.016949152542372878
0,0.75,0.13587923868498822,1,0.01666666666666667,0.016666666666666666,0.016666666666666666,0.016949152542372878,0.016949152542372878
0,0.75,0.14885259789676566,1,0.01666666666666667,0.016666666666666666,0.016666666666666666,0.016949152542372878,0.016949152542372878
0,0.75,0.1630646161624697,1,0.01666666666666667,0.016666666666666666,0.016666666666666666,0.016949152542372878,0.016949152542372878
0,0.75,0.17863355708883688,1,0.01666666666666667,0.016666666666666666,0.016666666666666666,0.016949152542372878,0.016949152542372878
0,0.75,0.19568897575190206,1,0.01666666666666667,0.016666666666666666,0.016666666666666666,0.016949152542372878,0.016949152542372878
0,0.75,0.2143727967740367,1,0.01666666666666667,0.016666666666666666,0.016666666666666666,0.016949152542372878,0.016949152542372878
0,1.0,0.00010103952929296583,1,0.004610093911512281,0.0046195162027589465,0.0045899261181018645,0.004768351649941733,0.00474088785944214
0,1.0,0.00011068649317642902,1,0.004629221942892617,0.004638606158573118,0.004609129272734511,0.0047878702018149906,0.004760481562127618
0,1.0,0.00012125452144746474,1,0.004650226009344707,0.004659567044419292,0.004630214780048119,0.004809301291456191,0.004781995362144666
0,1.0,0.00013283155468678864,1,0.004673295183425981,0.004682587213840914,0.004653372238566835,0.00483283742419984,0.004805622500062225
0,1.0,0.00014551392978903415,1,0.004698638508128016,0.004707875391108319,0.004678811381701688,0.00485869144654582,0.0048315766192766965
0,1.0,0.0001594071816186756,1,0.0047264874125062225,0.004735662214167735,0.004706764270615417,0.004887098928290647,0.004860094172992088
0,1.0,0.00017462692120575503,1,0.004757098260069829,0.004766203551778567,0.004737488081488576,0.004918320808166423,0.004891437035735685
0,1.0,0.00019129979778921286,1,0.004790755300746212,0.00479978285736311,0.004771267863575069,0.004952646317487754,0.004925895512520336
0,1.0,0.0002095645527133515,1,0.004827774087500623,0.004836714988556607,0.004808420101278351,0.004990396412423362,0.004963791727692602
0,1.0,0.00022957317394730418,1,0.004868505166275037,0.004877349738680387,0.004849296343840904,0.005031927724005379,0.005005483519581376
0,1.0,0.00025149216083470484,1,0.004913338528989365,0.0049220763132765116,0.004894287681692129,0.005077636726170254,0.005051368803229746
0,1.0,0.000275503909598022,1,0.00496270845524728,0.004971328123753878,0.004943829618135868,0.005127964953914939,0.005101890605405028
0,1.0,0.000301808231126864,1,0.005017099295155351,0.005025588509901967,0.004998407791421739,0.005183404569496374,0.005157542756876874
0,1.0,0.0003306240136803508,1,0.005077051802110778,0.005085397392290871,0.005058564469555663,0.005244504982633667,0.0052188765124138526
0,1.0,0.000362191044339529,1,0.005143170684756493,0.005151358378986621,0.005124905870111833,0.005311880335818575,0.0052865080173302
0,1.0,0.00039677200436682894,1,0.005216296039174109,0.005224147576118827,0.005198110960998212,0.00538621817195372,0.0053611270001928755
0,1.0,0.0004346546550767088,1,0.005296872762558749,0.005304523377063224,0.005278941071742211,0.00546828929707119,0.005443506748866436
0,1.0,0.0004761542324069456,1,0.005385906693015859,0.00539333786732442,0.005368251627713142,0.005558959361024682,0.005534402508604105
0,1.0,0.0005216160701167114,1,0.005484358202296247,0.005491550140132727,0.005467004995830104,0.00565920216202953,0.00563501010876682
0,1.0,0.0005714184734400634,1,0.005593309889835604,0.005600241288418648,0.005576286104993482,0.005770115035113087,0.0057463237026375786
0,1.0,0.0006259758671076102,1,0.005713968708514085,0.005719602895581016,0.005696951917359323,0.005892622546897943,0.005869585598476486
0,1.0,0.0006857422439322404,1,0.00584773149249661,0.005852991382045966,0.005831098761877397,0.00602873273186227,0.0060062086668451675
0,1.0,0.000751214942655906,1,0.005996166908924106,0.00600102072620341,0.005979966979665869,0.006179751475957,0.006157780610326786
0,1.0,0.0008229387864943582,1,0.006161056261173291,0.006165581961132287,0.0061453559917483925,0.006347490887946063,0.006326105947464421
0,1.0,0.000901510616818243,1,0.006344427033546804,0.006348602433198234,0.006329272462856131,0.006533982203921573,0.006513240752182537
0,1.0,0.0009875842596970372,1,0.006548591622697952,0.006552392921119908,0.006534032851750595,0.0067415633191140285,0.006721528740060763
0,1.0,0.0010818759666343272,1,0.006776192813443987,0.006779595866896307,0.006762284326461508,0.006972904886136854,0.006953647004663196
0,1.0,0.0011851703747688548,1,0.007030257252401037,0.007033237927654435,0.007017058255228397,0.007231064001760732,0.007212659776548678
0,1.0,0.0012983270361384327,1,0.007314258414490668,0.007316793053129793,0.0073018331892948105,0.007519547404294921,0.007502081702382659
0,1.0,0.0014222875703392113,1,0.007632190846450019,0.007634256866199357,0.007620609121055715,0.007842385966878378,0.007825952430879078
0,1.0,0.0015580835001002993,1,0.007988657817439584,0.007990234482139499,0.007977995146852913,0.008204222617951503,0.008188924638510125
0,1.0,0.001706844834976529,1,0.008388974920970743,0.008390044317561386,0.008379313077637203,0.00861041623429553,0.008596368042320219
0,1.0,0.001869809474587539,1,0.008839292668209594,0.008839840937194912,0.008830720036300378,0.00906716454782007,0.009054492443311678
0,1.0,0.0020483335096511015,1,0.009346741706489489,0.00934676058213437,0.00933935367395171,0.009581649700983052,0.009570493437969714
0,1.0,0.0022439025065295066,1,0.009919605008058718,0.009919093736355456,0.009913504348237024,0.010162210796803624,0.010152725147043714
0,1.0,0.0024581438691920077,1,0.010567522226060678,0.01056648994269253,0.010562819458319144,0.010818548641228746,0.010810905163061445
0,1.0,0.0026928403814619104,1,0.011301732435513655,0.011300201103129046,0.01129854615136164,0.011561968896144161,0.011556357939248543
0,1.0,0.0029499450422385003,1,0.012135362700238857,0.012133370724914848,0.012133819837877138,0.01240567108417685,0.012402304066172706
0,1.0,0.0032315973171433213,1,0.013083771372602589,0.013081378044121982,0.013084007418415743,0.013365092351922106,0.013364204348859317
0,1.0,0.0035401409418269383,1,0.01416495678996518,0.014162247720301,0.014167115880124946,0.014458316654692454,0.01446016935471024
0,1.0,0.003878143425084265,1,0.015400044137900974,0.01539713790810703,0.015404279026709784,0.015706562131333465,0.0157114472093392
0,1.0,0.004248417414071293,1,0.01666666666666667,0.016666666666666666,0.016666666666666666,0.016949152542372878,0.016949152542372878
0,1.0,0.0046540440994113155,1,0.01666666666666667,0.016666666666666666,0.016666666666666666,0.016949152542372878,0.016949152542372878
0,1.0,0.005098398854953428,1,0.01666666666666667,0.016666666666666666,0.016666666666666666,0.016949152542372878,0.016949152542372878
0,1.0,0.005585179325541486,1,0.01666666666666667,0.016666666666666666,0.016666666666666666,0.016949152542372878,0.016949152542372878
0,1.0,0.006118436196522525,1,0.01666666666666667,0.016666666666666666,0.016666666666666666,0.016949152542372878,0.016949152542372878
0,1.0,0.006702606901039414,1,0.01666666666666667,0.016666666666666666,0.016666666666666666,0.016949152542372878,0.016949152542372878
0,1.0,0.007342552545598942,1,0.01666666666666667,0.016666666666666666,0.016666666666666666,0.016949152542372878,0.016949152542372878
0,1.0,0.00804359836118703,1,0.01666666666666667,0.016666666666666666,0.016666666666666666,0.016949152542372878,0.016949152542372878
0,1.0,0.008811578016540166,1,0.01666666666666667,0.016666666666666666,0.016666666666666666,0.016949152542372878,0.016949152542372878
0,1.0,0.009652882162320655,1,0.01666666666666667,0.016666666666666666,0.016666666666666666,0.016949152542372878,0.016949152542372878
0,1.0,0.010574511610150201,1,0.01666666666666667,0.016666666666666666,0.016666666666666666,0.016949152542372878,0.016949152542372878
0,1.0,0.011584135589024804,1,0.01666666666666667,0.016666666666666666,0.016666666666666666,0.016949152542372878,0.016949152542372878
0,1.0,0.012690155563884711,1,0.01666666666666667,0.016666666666666666,0.016666666666666666,0.016949152542372878,0.016949152542372878
0,1.0,0.013901775147398033,1,0.01666666666666667,0.016666666666666666,0.016666666666666666,0.016949152542372878,0.016949152542372878
0,1.0,0.015229076686720537,1,0.01666666666666667,0.016666666666666666,0.016666666666666666,0.016949152542372878,0.016949152542372878
0,1.0,0.01668310516253918,1,0.01666666666666667,0.016666666666666666,0.016666666666666666,0.016949152542372878,0.016949152542372878
0,1.0,0.018275960098555182,1,0.01666666666666667,0.016666666666666666,0.016666666666666666,0.016949152542372878,0.016949152542372878
0,1.0,0.020020896246220422,1,0.01666666666666667,0.016666666666666666,0.016666666666666666,0.016949152542372878,0.016949152542372878
0,1.0,0.021932433882563097,1,0.01666666666666667,0.016666666666666666,0.016666666666666666,0.016949152542372878,0.016949152542372878
0,1.0,0.02402647963893283,1,0.01666666666666667,0.016666666666666666,0.016666666666666666,0.016949152542372878,0.016949152542372878
0,1.0,0.02632045886612708,1,0.01666666666666667,0.016666666666666666,0.016666666666666666,0.016949152542372878,0.016949152542372878
0,1.0,0.028833460637359438,1,0.01666666666666667,0.016666666666666666,0.016666666666666666,0.016949152542372878,0.016949152542372878
0,1.0,0.031586396595694594,1,0.01666666666666667,0.016666666666666666,0.016666666666666666,0.016949152542372878,0.016949152542372878
0,1.0,0.03460217496777994,1,0.01666666666666667,0.016666666666666666,0.016666666666666666,0.016949152542372878,0.016949152542372878
0,1.0,0.03790589119190814,1,0.01666666666666667,0.016666666666666666,0.016666666666666666,0.016949152542372878,0.016949152542372878
0,1.0,0.041525036746699245,1,0.01666666666666667,0.016666666666666666,0.016666666666666666,0.016949152542372878,0.016949152542372878
0,1.0,0.045489727918145324,1,0.01666666666666667,0.016666666666666666,0.016666666666666666,0.016949152542372878,0.016949152542372878
0,1.0,0.04983295640867499,1,0.01666666666666667,0.016666666666666666,0.016666666666666666,0.016949152542372878,0.016949152542372878
0,1.0,0.05459086387365118,1,0.01666666666666667,0.016666666666666666,0.016666666666666666,0.016949152542372878,0.016949152542372878
0,1.0,0.059803042669824884,1,0.01666666666666667,0.016666666666666666,0.016666666666666666,0.016949152542372878,0.016949152542372878
0,1.0,0.06551286531838678,1,0.01666666666666667,0.016666666666666666,0.016666666666666666,0.016949152542372878,0.016949152542372878
0,1.0,0.07176784542420427,1,0.01666666666666667,0.016666666666666666,0.016666666666666666,0.016949152542372878,0.016949152542372878
0,1.0,0.0786200330545901,1,0.01666666666666667,0.016666666666666666,0.016666666666666666,0.016949152542372878,0.016949152542372878
0,1.0,0.08612644786769943,1,0.01666666666666667,0.016666666666666666,0.016666666666666666,0.016949152542372878,0.016949152542372878
0,1.0,0.09434955359478159,1,0.01666666666666667,0.016666666666666666,0.016666666666666666,0.016949152542372878,0.016949152542372878
0,1.0,0.10335777782463355,1,0.01666666666666667,0.016666666666666666,0.016666666666666666,0.016949152542372878,0.016949152542372878
0,1.0,0.1132260814155794,1,0.01666666666666667,0.016666666666666666,0.016666666666666666,0.016949152542372878,0.016949152542372878
0,1.0,0.12403658227326897,1,0.01666666666666667,0.016666666666666666,0.016666666666666666,0.016949152542372878,0.016949152542372878
0,1.0,0.13587923868498822,1,0.01666666666666667,0.016666666666666666,0.016666666666666666,0.016949152542372878,0.016949152542372878
0,1.0,0.14885259789676566,1,0.01666666666666667,0.016666666666666666,0.016666666666666666,0.016949152542372878,0.016949152542372878
0,1.0,0.1630646161624697,1,0.01666666666666667,0.016666666666666666,0.016666666666666666,0.016949152542372878,0.016949152542372878
0,1.0,0.17863355708883688,1,0.01666666666666667,0.016666666666666666,0.016666666666666666,0.016949152542372878,0.016949152542372878
0,1.0,0.19568897575190206,1,0.01666666666666667,0.016666666666666666,0.016666666666666666,0.016949152542372878,0.016949152542372878
0,1.0,0.2143727967740367,1,0.01666666666666667,0.016666666666666666,0.016666666666666666,0.016949152542372878,0.016949152542372878
0,1.25,0.00010103952929296583,1,0.00460786406288427,0.004625279111213286,0.00459178925560853,0.004771226081963982,0.00474396248352371
0,1.25,0.00011068649317642902,1,0.0046267728093222025,0.004644124812995488,0.004610753684167592,0.004790501394416005,0.004763319503527851
0,1.25,0.00012125452144746474,1,0.00464753091157748,0.004664817739543082,0.0046315769684078505,0.00481166530874575,0.0047845730741703126
0,1.25,0.00013283155468678864,1,0.004670333265128711,0.004687544149354323,0.004654446273173672,0.004834907826897858,0.004807913952144968
0,1.25,0.00014551392978903415,1,0.004695382442767487,0.004712509724179525,0.004679568565831846,0.004860439025762582,0.004833580840775391
0,1.25,0.0001594071816186756,1,0.004722906913899067,0.004739533850821169,0.0047069998944341,0.004888386181772709,0.004861755476744097
0,1.25,0.00017462692120575503,1,0.004753159751263084,0.004769632546439249,0.004737317450412713,0.004919203880768163,0.004892720584001495
0,1.25,0.00019129979778921286,1,0.004786421541484133,0.004802725541565569,0.004770650130118981,0.0049530844979774535,0.004926762689389884
0,1.25,0.0002095645527133515,1,0.0048230037775153275,0.00483912267279377,0.004807309956280767,0.00499034458853228,0.004964199684683008
0,1.25,0.00022957317394730418,1,0.004863253160548154,0.004879168423324226,0.0048476435350012555,0.005031335732976627,0.005005381587434262
0,1.25,0.00025149216083470484,1,0.004907553742306359,0.004923318840745954,0.004892064167877617,0.005076468005878742,0.005050700812779858
0,1.25,0.000275503909598022,1,0.004956333994871697,0.00497193799953573,0.004940980913597812,0.005126159211972734,0.005100596681673463
0,1.25,0.000301808231126864,1,0.00501007163758575,0.005025499583318087,0.0049948678856822715,0.005180894512480386,0.005155556115231086
0,1.25,0.0003306240136803508,1,0.005069300007216948,0.005084535583183402,0.005054259607298961,0.005241215468233161,0.005216122519169649
0,1.25,0.000362191044339529,1,0.005134615370085809,0.0051496408079289195,0.005119753636606081,0.005307727343978505,0.005282903176449894
0,1.25,0.00039677200436682894,1,0.005206685332857908,0.005221481287501505,0.005192018986044332,0.00538110759093692,0.005356577745818636
0,1.25,0.0004346546550767088,1,0.0052862585370357824,0.005300803960103359,0.005271805825825769,0.0054621156194755716,0.005437908051881315
0,1.25,0.0004761542324069456,1,0.005374175855879347,0.005388447861820336,0.005359956690333936,0.005551604081154108,0.005527749386072397
0,1.25,0.0005216160701167114,1,0.0054713833526082055,0.0054853570777948545,0.005457419446259221,0.005650531919554537,0.005627063578054529
0,1.25,0.0005714184734400634,1,0.005578947306542944,0.005592595761817613,0.005565262329079381,0.005759979497143609,0.005736934144919137
0,1.25,0.0006259758671076102,1,0.005698071670829885,0.005711365588258505,0.005684691411460303,0.005881166162434781,0.005858583882585597
0,1.25,0.0006857422439322404,1,0.0058301183933660095,0.005843026068302145,0.005817070935095466,0.006015470689718497,0.005993395331802148
0,1.25,0.000751214942655906,1,0.0059766311136554735,0.0059891182436562895,0.005963947018582205,0.006164455104770421,0.0061429346322963065
0,1.25,0.0008229387864943582,1,0.00613936284517218,0.006151392367852814,0.0061270753507318,0.006329892506811874,0.0063089793754888815
0,1.25,0.000901510616818243,1,0.006320308368473614,0.006331840301063361,0.006308453594326887,0.006513799612682377,0.006493551181871328
0,1.25,0.0009875842596970372,1,0.006521742198523802,0.006532733482724177,0.006510359363484788,0.00671847488740259,0.006698953867361846
0,1.25,0.0010818759666343272,1,0.006746263154890252,0.006756667511666982,0.00673539480291048,0.006946543290507356,0.006927818228150419
0,1.25,0.0011851703747688548,1,0.00699684676101997,0.007006614561228169,0.0069865389947611255,0.007201008865046887,0.00718315467105088
0,1.25,0.0012983270361384327,1,0.007276906935071976,0.007285985093367882,0.007267209654993246,0.0074853166323853556,0.007468415152592455
0,1.25,0.0014222875703392113,1,0.007590368717463118,0.007598700618855926,0.007581335863591153,0.007803425538538202,0.007787566172671831
0,1.25,0.0015580835001002993,1,0.007941754118571733,0.007949279589288757,0.00793344391117915,0.00815989453597838,0.008145174906742889
0,1.25,0.001706844834976529,1,0.008336283574975522,0.008342938912140415,0.00832875874922691,0.008559984289633383,0.008546510965269156
0,1.25,0.001869809474587539,1,0.00877999598740984,0.008785714065472372,0.008773324015595014,0.009009777480414899,0.008997666753726277
0,1.25,0.0020483335096511015,1,0.009279890894193614,0.009284601370227847,0.009274144187397236,0.009516321259930493,0.009505699986674521
0,1.25,0.0022439025065295066,1,0.009844097029219994,0.00984772667427814,0.009839353108105015,0.010087796105045866,0.010078802604344798
0,1.25,0.0024581438691920077,1,0.010482072346583578,0.010484545536439264,0.010478413968307771,0.010733716153514037,0.010726501172607405
0,1.25,0.0026928403814619104,1,0.011204841591907226,0.0112060809979657,0.011202356816945735,0.011465167099334135,0.01145989484448608
0,1.25,0.0029499450422385003,1,0.012025278696297825,0.012025206226457722,0.012024060874986857,0.0122950889216794,0.012291938156364472
0,1.25,0.0032315973171433213,1,0.012958442702020003,0.012956980752161262,0.012958590355818837,0.013238612153527063,0.013237777364085887
0,1.25,0.0035401409418269383,1,0.014021977646716645,0.014019050736646842,0.014023594213329464,0.014313458112779849,0.014315150740507505
0,1.25,0.003878143425084265,1,0.01523658889205646,0.015232125775635121,0.015239782296446151,0.01554041557637412,0.015544865313408752
0,1.25,0.004248417414071293,1,0.016626610851112666,0.016620547209445533,0.016631492855818292,0.016943908844626362,0.016949152542372878
0,1.25,0.0046540440994113155,1,0.01666666666666667,0.016666666666666666,0.016666666666666666,0.016949152542372878,0.016949152542372878
0,1.25,0.005098398854953428,1,0.01666666666666667,0.016666666666666666,0.016666666666666666,0.016949152542372878,0.016949152542372878
0,1.25,0.005585179325541486,1,0.01666666666666667,0.016666666666666666,0.016666666666666666,0.016949152542372878,0.016949152542372878
0,1.25,0.006118436196522525,1,0.01666666666666667,0.016666666666666666,0.016666666666666666,0.016949152542372878,0.016949152542372878
0,1.25,0.006702606901039414,1,0.01666666666666667,0.016666666666666666,0.016666666666666666,0.016949152542372878,0.016949152542372878
0,1.25,0.007342552545598942,1,0.01666666666666667,0.016666666666666666,0.016666666666666666,0.016949152542372878,0.016949152542372878
0,1.25,0.00804359836118703,1,0.01666666666666667,0.016666666666666666,0.016666666666666666,0.016949152542372878,0.016949152542372878
0,1.25,0.008811578016540166,1,0.01666666666666667,0.016666666666666666,0.016666666666666666,0.016949152542372878,0.016949152542372878
0,1.25,0.009652882162320655,1,0.01666666666666667,0.016666666666666666,0.016666666666666666,0.016949152542372878,0.016949152542372878
0,1.25,0.010574511610150201,1,0.01666666666666667,0.016666666666666666,0.016666666666666666,0.016949152542372878,0.016949152542372878
0,1.25,0.011584135589024804,1,0.01666666666666667,0.016666666666666666,0.016666666666666666,0.016949152542372878,0.016949152542372878
0,1.25,0.012690155563884711,1,0.01666666666666667,0.016666666666666666,0.016666666666666666,0.016949152542372878,0.016949152542372878
0,1.25,0.013901775147398033,1,0.01666666666666667,0.016666666666666666,0.016666666666666666,0.016949152542372878,0.016949152542372878
0,1.25,0.015229076686720537,1,0.01666666666666667,0.016666666666666666,0.016666666666666666,0.016949152542372878,0.016949152542372878
0,1.25,0.01668310516253918,1,0.01666666666666667,0.016666666666666666,0.016666666666666666,0.016949152542372878,0.016949152542372878
0,1.25,0.018275960098555182,1,0.01666666666666667,0.016666666666666666,0.016666666666666666,0.016949152542372878,0.016949152542372878
0,1.25,0.020020896246220422,1,0.01666666666666667,0.016666666666666666,0.016666666666666666,0.016949152542372878,0.016949152542372878
0,1.25,0.021932433882563097,1,0.01666666666666667,0.016666666666666666,0.016666666666666666,0.016949152542372878,0.016949152542372878
0,1.25,0.02402647963893283,1,0.01666666666666667,0.016666666666666666,0.016666666666666666,0.016949152542372878,0.016949152542372878
0,1.25,0.02632045886612708,1,0.01666666666666667,0.016666666666666666,0.016666666666666666,0.016949152542372878,0.016949152542372878
0,1.25,0.028833460637359438,1,0.01666666666666667,0.016666666666666666,0.016666666666666666,0.016949152542372878,0.016949152542372878
0,1.25,0.031586396595694594,1,0.01666666666666667,0.016666666666666666,0.016666666666666666,0.016949152542372878,0.016949152542372878
0,1.25,0.03460217496777994,1,0.01666666666666667,0.016666666666666666,0.016666666666666666,0.016949152542372878,0.016949152542372878
0,1.25,0.03790589119190814,1,0.01666666666666667,0.016666666666666666,0.016666666666666666,0.016949152542372878,0.016949152542372878
0,1.25,0.041525036746699245,1,0.01666666666666667,0.016666666666666666,0.016666666666666666,0.016949152542372878,0.016949152542372878
0,1.25,0.045489727918145324,1,0.01666666666666667,0.016666666666666666,0.016666666666666666,0.016949152542372878,0.016949152542372878
0,1.25,0.04983295640867499,1,0.01666666666666667,0.016666666666666666,0.016666666666666666,0.016949152542372878,0.016949152542372878
0,1.25,0.05459086387365118,1,0.01666666666666667,0.016666666666666666,0.016666666666666666,0.016949152542372878,0.016949152542372878
0,1.25,0.059803042669824884,1,0.01666666666666667,0.016666666666666666,0.016666666666666666,0.016949152542372878,0.016949152542372878
0,1.25,0.06551286531838678,1,0.01666666666666667,0.016666666666666666,0.016666666666666666,0.016949152542372878,0.016949152542372878
0,1.25,0.07176784542420427,1,0.01666666666666667,0.016666666666666666,0.016666666666666666,0.016949152542372878,0.016949152542372878
0,1.25,0.0786200330545901,1,0.01666666666666667,0.016666666666666666,0.016666666666666666,0.016949152542372878,0.016949152542372878
0,1.25,0.08612644786769943,1,0.01666666666666667,0.016666666666666666,0.016666666666666666,0.016949152542372878,0.016949152542372878
0,1.25,0.09434955359478159,1,0.01666666666666667,0.016666666666666666,0.016666666666666666,0.016949152542372878,0.016949152542372878
0,1.25,0.10335777782463355,1,0.01666666666666667,0.016666666666666666,0.016666666666666666,0.016949152542372878,0.016949152542372878
0,1.25,0.1132260814155794,1,0.01666666666666667,0.016666666666666666,0.016666666666666666,0.016949152542372878,0.016949152542372878
0,1.25,0.12403658227326897,1,0.01666666666666667,0.016666666666666666,0.016666666666666666,0.016949152542372878,0.016949152542372878
0,1.25,0.13587923868498822,1,0.01666666666666667,0.016666666666666666,0.016666666666666666,0.016949152542372878,0.016949152542372878
0,1.25,0.14885259789676566,1,0.01666666666666667,0.016666666666666666,0.016666666666666666,0.016949152542372878,0.016949152542372878
0,1.25,0.1630646161624697,1,0.01666666666666667,0.016666666666666666,0.016666666666666666,0.016949152542372878,0.016949152542372878
0,1.25,0.17863355708883688,1,0.01666666666666667,0.016666666666666666,0.016666666666666666,0.016949152542372878,0.016949152542372878
0,1.25,0.19568897575190206,1,0.01666666666666667,0.016666666666666666,0.016666666666666666,0.016949152542372878,0.016949152542372878
0,1.25,0.2143727967740367,1,0.01666666666666667,0.016666666666666666,0.016666666666666666,0.016949152542372878,0.016949152542372878
0,1.5,0.00010103952929296583,1,0.004607654555242829,0.0046290674922176474,0.0045932518740896535,0.004772759614677146,0.00474480820250008
0,1.5,0.00011068649317642902,1,0.004626431013611154,0.004647792956390049,0.0046120970974036935,0.004791914277147546,0.004764047932584735
0,1.5,0.00012125452144746474,1,0.004647067817283945,0.004668161349949782,0.004632789382563998,0.004812913606436244,0.004785221150816203
0,1.5,0.00013283155468678864,1,0.0046697323742351,0.004690711381584467,0.004655412917819316,0.004836005266851688,0.004808427910626409
0,1.5,0.00014551392978903415,1,0.004694629769203779,0.0047154832725046945,0.004680361117499606,0.004861370594332255,0.0048339193295270045
0,1.5,0.0001594071816186756,1,0.004721986964533602,0.004742702935731405,0.004707773990492533,0.004889240441727578,0.004861927333496914
0,1.5,0.00017462692120575503,1,0.004752055354640423,0.004772620609897347,0.004737903401635111,0.00491987048185128,0.004892708751793677
0,1.5,0.00019129979778921286,1,0.0047851183231592456,0.0048055286095962475,0.004771033933229393,0.004953547021444252,0.004926541393921168
0,1.5,0.0002095645527133515,1,0.00482148171112289,0.004841755136035688,0.0048074875400180685,0.004990586546144427,0.004963742100565741
0,1.5,0.00022957317394730418,1,0.004861488517357276,0.004881612132664239,0.004847593102852281,0.00503133391890464,0.005004665980061473
0,1.5,0.00025149216083470484,1,0.0049055209262976905,0.004925480571492596,0.0048917336061123345,0.005076177450561846,0.005049702793528266
0,1.5,0.000275503909598022,1,0.0049540044789239505,0.004973784670083042,0.004940335464054975,0.0051255493883930895,0.005099286374417244
0,1.5,0.000301808231126864,1,0.005007413586134848,0.0050269973952800934,0.004993874040580288,0.005179931483849217,0.00515390020870326
0,1.5,0.0003306240136803508,1,0.0050662778433833155,0.0050856467674719585,0.005052879970747723,0.005239861366537891,0.005214083822412964
0,1.5,0.000362191044339529,1,0.005131189278065664,0.005150323096844431,0.005117946415556916,0.005305939856384956,0.0052804401085007925
0,1.5,0.00039677200436682894,1,0.00520281068471472,0.005221687306650305,0.005189737405062637,0.0053788393694938555,0.005353643748679168
0,1.5,0.0004346546550767088,1,0.005281885231053889,0.005300480526531042,0.0052689974528963976,0.005459313601264567,0.0054344509138548255
0,1.5,0.0004761542324069456,1,0.005369247551291824,0.005387535172258952,0.005356562658584361,0.0055482087036929275,0.005523710460184925
0,1.5,0.0005216160701167114,1,0.005465836582711438,0.005483787767954629,0.005453373553717762,0.005646476213483201,0.005622376877480394
0,1.5,0.0005714184734400634,1,0.005572710448873689,0.005590293814116931,0.0055604899952889095,0.00575518803491172,0.0057315252939894685
0,1.5,0.0006259758671076102,1,0.005691063749101546,0.005708245061168093,0.005679108465837934,0.0058755538377633825,0.005852368897977093
0,1.5,0.0006857422439322404,1,0.0058222476811128025,0.005838989615446601,0.005810582207242104,0.00600894129790457,0.005986279203754187
0,1.5,0.000751214942655906,1,0.005967793503865225,0.005984055384808551,0.005956444695153678,0.006156899688288551,0.0061348096700372485
0,1.5,0.0008229387864943582,1,0.006129439943419886,0.006145177466782609,0.00611843705680764,0.006321187423966453,0.006299723274285982
0,1.5,0.000901510616818243,1,0.006309165258980511,0.006324330196628659,0.006298540149239895,0.006503804279061214,0.00648302476103678
0,1.5,0.0009875842596970372,1,0.006509224822901186,0.0065237647093501,0.006499012151549281,0.006707029130322117,0.006686998418890336
0,1.5,0.0010818759666343272,1,0.006732195231771165,0.006746053033107799,0.00672243268810178,0.006933464245213215,0.006914252404120358
0,1.5,0.0011851703747688548,1,0.00698102616096092,0.006994139926859376,0.006971754694787208,0.007186087327772637,0.007167770824118768
0,1.5,0.0012983270361384327,1,0.007259101408572815,0.007271403908730745,0.007250365473919351,0.007468312769034334,0.007450975027400799
0,1.5,0.0014222875703392113,1,0.007570310854167953,0.007581729201206654,0.00756215866270255,0.007784063828209139,0.007767795826239251
0,1.5,0.0015580835001002993,1,0.007919135392032556,0.007929590653804898,0.007911619174461216,0.008137857805168071,0.008122758712267402
0,1.5,0.001706844834976529,1,0.008310747299008905,0.008320154104388197,0.008303923571946422,0.008534906664958047,0.008521084525481329
0,1.5,0.001869809474587539,1,0.008751128976128753,0.0087593951197574,0.00874505881107005,0.008981236054180662,0.008968808516052685
0,1.5,0.0020483335096511015,1,0.009247213577137592,0.009254239630358534,0.009241962867052802,0.009483826222757112,0.009472921311905132
0,1.5,0.0022439025065295066,1,0.009807051724303366,0.009812730661651605,0.00980269144201651,0.010050779051690762,0.010041535991909765
0,1.5,0.0024581438691920077,1,0.01044000933523183,0.010444226188516972,0.01043661577606219,0.010691516210478768,0.01068408628736381
0,1.5,0.0026928403814619104,1,0.011157002570835746,0.011159634126104705,0.01115465756991529,0.011417014453870665,0.011411561920178961
0,1.5,0.0029499450422385003,1,0.011970777096601512,0.011971691653262227,0.011969568208748865,0.012240085249179224,0.012236788267363609
0,1.5,0.0032315973171433213,1,0.012896240265821951,0.012895297482088428,0.012896260892755512,0.013175707341249506,0.013174758956854764
0,1.5,0.0035401409418269383,1,0.013950856531255022,0.013947907386026828,0.013952205977145388,0.014241422559191246,0.014243031696230332
0,1.5,0.003878143425084265,1,0.015155118426791831,0.015150005335332305,0.015157901858544391,0.0154578072031079,0.015462199669320272
0,1.5,0.004248417414071293,1,0.016533107900441768,0.016525665030037988,0.016537436183491617,0.016849033787535064,0.016856453273433932
0,1.5,0.0046540440994113155,1,0.01666666666666667,0.016666666666666666,0.016666666666666666,0.016949152542372878,0.016949152542372878
0,1.5,0.005098398854953428,1,0.01666666666666667,0.016666666666666666,0.016666666666666666,0.016949152542372878,0.016949152542372878
0,1.5,0.005585179325541486,1,0.01666666666666667,0.016666666666666666,0.016666666666666666,0.016949152542372878,0.016949152542372878
0,1.5,0.006118436196522525,1,0.01666666666666667,0.016666666666666666,0.016666666666666666,0.016949152542372878,0.016949152542372878
0,1.5,0.006702606901039414,1,0.01666666666666667,0.016666666666666666,0.016666666666666666,0.016949152542372878,0.016949152542372878
0,1.5,0.007342552545598942,1,0.01666666666666667,0.016666666666666666,0.016666666666666666,0.016949152542372878,0.016949152542372878
0,1.5,0.00804359836118703,1,0.01666666666666667,0.016666666666666666,0.016666666666666666,0.016949152542372878,0.016949152542372878
0,1.5,0.008811578016540166,1,0.01666666666666667,0.016666666666666666,0.016666666666666666,0.016949152542372878,0.016949152542372878
0,1.5,0.009652882162320655,1,0.01666666666666667,0.016666666666666666,0.016666666666666666,0.016949152542372878,0.016949152542372878
0,1.5,0.010574511610150201,1,0.01666666666666667,0.016666666666666666,0.016666666666666666,0.016949152542372878,0.016949152542372878
0,1.5,0.011584135589024804,1,0.01666666666666667,0.016666666666666666,0.016666666666666666,0.016949152542372878,0.016949152542372878
0,1.5,0.012690155563884711,1,0.01666666666666667,0.016666666666666666,0.016666666666666666,0.016949152542372878,0.016949152542372878
0,1.5,0.013901775147398033,1,0.01666666666666667,0.016666666666666666,0.016666666666666666,0.016949152542372878,0.016949152542372878
0,1.5,0.015229076686720537,1,0.01666666666666667,0.016666666666666666,0.016666666666666666,0.016949152542372878,0.016949152542372878
0,1.5,0.01668310516253918,1,0.01666666666666667,0.016666666666666666,0.016666666666666666,0.016949152542372878,0.016949152542372878
0,1.5,0.018275960098555182,1,0.01666666666666667,0.016666666666666666,0.016666666666666666,0.016949152542372878,0.016949152542372878
0,1.5,0.020020896246220422,1,0.01666666666666667,0.016666666666666666,0.016666666666666666,0.016949152542372878,0.016949152542372878
0,1.5,0.021932433882563097,1,0.01666666666666667,0.016666666666666666,0.016666666666666666,0.016949152542372878,0.016949152542372878
0,1.5,0.02402647963893283,1,0.01666666666666667,0.016666666666666666,0.016666666666666666,0.016949152542372878,0.016949152542372878
