wgt_fx,wgt_fx_theta,ml_theta1,ml_theta2,ml_theta3,ml_theta4,alg,0,1,2,3,4
0,0.1,100,0,2,0,0,1.1064653214152629,1.0612276521846362,1.3625343483774808,1.3813932204572286,1.0747529663160948
0,0.1,100,0,2,1,0,1.094308092518916,1.0703762832663677,1.31980416469109,1.3973800119273188,1.0604718070961843
0,0.1,100,0,4,0,0,1.0470830928286834,1.0639220139958596,1.3380003166621635,1.3332759713947735,1.047543441817097
0,0.1,100,0,4,1,0,1.0512852238504247,1.0532908019036957,1.3025692311592225,1.3470719493538594,1.0221427041570834
0,0.1,100,0,6,0,0,1.0374862786734889,1.054669450779103,1.284504796322877,1.3704282983952962,0.9820788638571376
0,0.1,100,0,6,1,0,1.048678763835064,1.0778875346478074,1.2953323518889497,1.3184131098561207,1.0022247004800866
0,0.1,100,0,8,0,0,1.0299776488047783,1.0557652057625864,1.283565168048857,1.2934960044353456,1.0106284888755612
0,0.1,100,0,8,1,0,1.0252863567837402,1.0618629630372813,1.2834944570528004,1.3126340038070878,1.0067169711734858
0,0.1,100,1,2,0,0,1.0836503681696883,1.0456598493257063,1.3741850569380933,1.3938453512404374,1.040455957040381
0,0.1,100,1,2,1,0,1.0765849975051394,1.0233552597883133,1.346920867453582,1.359218648858141,1.060458876026379
0,0.1,100,1,4,0,0,1.0188310872590463,1.031246246790549,1.3281509978247004,1.336491669827307,1.0187531071881144
0,0.1,100,1,4,1,0,1.0628708250980148,1.045124271000414,1.3342270188823053,1.354071335950165,1.0326029545691693
0,0.1,100,1,6,0,0,1.0483610112206694,1.0385668423026975,1.3089775924349567,1.321743065663033,1.0190154761852188
0,0.1,100,1,6,1,0,1.035338776708268,1.0522526775779477,1.2880861449120984,1.3138361130894831,1.0359338140646719
0,0.1,100,1,8,0,0,0.9917320089923642,1.0399943964076381,1.2843625555986546,1.287680020556134,0.9891245556877504
0,0.1,100,1,8,1,0,1.0057887627933393,1.0534598220882705,1.302233254996554,1.2935524623502033,1.0115852697587042
0,0.1,100,2,2,0,0,1.084318186221775,1.024962157879294,1.3780021330969339,1.4082742582300822,1.0490118280587528
0,0.1,100,2,2,1,0,1.0716489223430659,1.0531422210931967,1.3561776286323253,1.3747777303783733,1.0545141130398425
0,0.1,100,2,4,0,0,1.0317313926355218,1.0265315297722992,1.3145126312429358,1.3685571971282353,1.0198098810987903
0,0.1,100,2,4,1,0,1.061866217880864,1.0678273515734256,1.3370700210629507,1.3147399898296506,1.0427421236105299
0,0.1,100,2,6,0,0,1.0244766461049317,1.0420638190997122,1.3081380145736146,1.3034468413206903,1.0084857925946598
0,0.1,100,2,6,1,0,1.011443832733952,1.0640190003526022,1.2884438126368911,1.272420355233457,1.0014853536521353
0,0.1,100,2,8,0,0,1.0187163675800324,1.0480230023636157,1.3071398183076381,1.2605715577564878,1.0125684368888683
0,0.1,100,2,8,1,0,1.0052262305360802,1.0494057462095285,1.2801989011124795,1.2644565491362898,0.9797958911308228
0,0.1,150,0,2,0,0,1.0745888118444489,1.0765064471762562,1.3234197493555309,1.421510071689241,1.0181814499385402
0,0.1,150,0,2,1,0,1.0851654743670573,1.0504957798360217,1.3396061391505678,1.3700168637786936,1.0408834148262778
0,0.1,150,0,4,0,0,1.0569980468163076,1.060191601395562,1.3118630195575218,1.3531868546284767,1.041294380335283
0,0.1,150,0,4,1,0,1.0344804740551592,1.0700572356333689,1.282637084651483,1.3551347160132263,1.053962555861628
0,0.1,150,0,6,0,0,1.0400925631507583,1.0530469270999028,1.2870426604245058,1.3208550730522866,1.00406380228041
0,0.1,150,0,6,1,0,1.0364879376877791,1.0780625607525063,1.3001024874374563,1.3246774782961788,1.02816583634604
0,0.1,150,0,8,0,0,1.026517236941418,1.075424596468839,1.2706044948964559,1.293391137999711,0.9907137397587393
0,0.1,150,0,8,1,0,1.017212591391462,1.0529452181922165,1.2825936681209507,1.29798318170214,0.9998062100410164
0,0.1,150,1,2,0,0,1.0552554112354204,1.0298470945981286,1.3496160356059497,1.3862777021619574,1.0850629079845497
0,0.1,150,1,2,1,0,1.0587481820623421,1.0401491889128343,1.3413850319384255,1.3679235907624256,1.0723811478827578
0,0.1,150,1,4,0,0,1.0480109409840082,1.0396335685216427,1.333034737330369,1.3369952964699041,1.0468163118251357
0,0.1,150,1,4,1,0,1.0561294780795716,1.0539949430463698,1.33195005558954,1.343291719626241,1.036731236899959
0,0.1,150,1,6,0,0,1.0114900912824463,1.0605873237538963,1.304726619577213,1.299775035356465,1.013715679439644
0,0.1,150,1,6,1,0,1.0204318762237996,1.049998883624422,1.3151256348727598,1.291738450144037,1.0270860320061075
0,0.1,150,1,8,0,0,1.001757840322659,1.0460824711850494,1.2866715138350426,1.2793317710583947,1.005077360747952
0,0.1,150,1,8,1,0,1.0048588237518183,1.047461177029571,1.262878415897393,1.2712597275063726,1.0023739671396406
0,0.1,150,2,2,0,0,1.072653616811933,1.0320809734348069,1.3442449553130422,1.374431708217844,1.052946554500239
0,0.1,150,2,2,1,0,1.063372553714932,1.0503297570011199,1.3716013888459673,1.3628507253287943,1.0565091517153038
0,0.1,150,2,4,0,0,1.0466243942858642,1.0381410823154789,1.3298685237335919,1.3294649482831138,1.0588832269351445
0,0.1,150,2,4,1,0,1.0327143940034056,1.02621360494976,1.3149067109061094,1.342335010475996,1.0553247819416052
0,0.1,150,2,6,0,0,1.014327342751227,1.0534921157603712,1.3124755094801317,1.2788353296760495,1.0254643627098405
0,0.1,150,2,6,1,0,1.010863841157858,1.0498922121235819,1.29599081429609,1.28650681789476,1.0182161265895995
0,0.1,150,2,8,0,0,1.0243889528820334,1.0478184080040407,1.2615380980835256,1.2663293996732254,1.007859742771414
0,0.1,150,2,8,1,0,0.9994426808016352,1.0412899478916635,1.2831438301949614,1.2674037548508645,1.0166931308932967
0,0.1,200,0,2,0,0,1.072193840619071,1.0656333995197276,1.3318202596952868,1.4093130390656685,1.0540856605658682
0,0.1,200,0,2,1,0,1.0946568071781124,1.0692234357778598,1.3523613195863762,1.376096934087395,1.047965995755343
0,0.1,200,0,4,0,0,1.0571320000844806,1.0510611208536984,1.311210133749879,1.3574412190615817,1.0193685715995997
0,0.1,200,0,4,1,0,1.0639709825538906,1.0686778668946029,1.3128825540485118,1.3544229212958545,1.0254612639273584
0,0.1,200,0,6,0,0,1.04024970467769,1.0586099077236046,1.3193441010045373,1.3360946573822818,1.0098914913924448
0,0.1,200,0,6,1,0,1.0271547646500343,1.0723971888275348,1.3021125997859948,1.3324509612705724,1.0127681194575253
0,0.1,200,0,8,0,0,1.01507633211914,1.0597493283878012,1.2739636331008026,1.3008012699209381,1.0097808896511633
0,0.1,200,0,8,1,0,1.0090543902825788,1.0434297366262943,1.275484693270075,1.2895042768825977,1.0069550278645227
0,0.1,200,1,2,0,0,1.0586141231655783,1.043392766219686,1.371649267213515,1.3685603421812176,1.0689978732462375
0,0.1,200,1,2,1,0,1.05011920634419,1.0587837993104998,1.369629116580486,1.380678376296627,1.0729978354435543
0,0.1,200,1,4,0,0,1.0448115538579168,1.0370515313282433,1.3192233321431084,1.3475879511925422,1.056462417052508
0,0.1,200,1,4,1,0,1.0368650130590154,1.0436711291245546,1.3202241913066923,1.3422708010256998,1.0493264341253987
0,0.1,200,1,6,0,0,1.0261577484479554,1.0530029089664343,1.292064434399582,1.295578330944168,1.0180618423550407
0,0.1,200,1,6,1,0,1.0333334477244933,1.0399733205903705,1.313239442975667,1.2846587220459724,1.0099583878021314
0,0.1,200,1,8,0,0,1.0174898761610174,1.0451564268887865,1.2726629956910305,1.282246738951421,0.9744266956046419
0,0.1,200,1,8,1,0,1.0110364841745791,1.0460646246526146,1.3096409598448584,1.2756471915183316,1.0058076748778086
0,0.1,200,2,2,0,0,1.0474888115936654,1.0392538365445518,1.3767302555283758,1.3420121687712967,1.0499047893471836
0,0.1,200,2,2,1,0,1.05107507318702,1.0326585558060786,1.3776715671942457,1.3705804899145535,1.0757105855510471
0,0.1,200,2,4,0,0,1.0332888544263712,1.0476586938076613,1.3102661145966377,1.3344980823353678,1.0420176972003978
0,0.1,200,2,4,1,0,1.0324329158325651,1.0399599316542485,1.322783115394883,1.3391888823730462,1.0421110923267973
0,0.1,200,2,6,0,0,1.0201391270392837,1.0517207591078597,1.3079917447877258,1.2762062069504718,1.0033849700934236
0,0.1,200,2,6,1,0,1.0388531160992551,1.0354578781302444,1.3028107222886467,1.2843415037207524,1.0303744992259602
0,0.1,200,2,8,0,0,0.9942135431927278,1.0561217013085864,1.2836216903549051,1.258904046738586,1.0040974667229687
0,0.1,200,2,8,1,0,1.006200626610382,1.055422996341352,1.2753774794174177,1.2614137238382315,1.0108948230258359
0,0.1,250,0,2,0,0,1.0781457618893855,1.052161779709897,1.351366885771475,1.3906123434705644,1.0557455198342427
0,0.1,250,0,2,1,0,1.0756664275832255,1.0578282443721625,1.361618141161059,1.39709306139326,1.0402559415021808
0,0.1,250,0,4,0,0,1.0538932722031966,1.0691409664603329,1.2970453812032707,1.368892852410872,1.0393296134884433
0,0.1,250,0,4,1,0,1.0593100054483613,1.0665806030132088,1.3048142031685555,1.346283032818855,1.02668854867315
0,0.1,250,0,6,0,0,1.02934221137317,1.0672130122103838,1.2881788273754722,1.3345568662852034,1.0094635258600178
0,0.1,250,0,6,1,0,1.0465621582241607,1.0627901061973666,1.2929160955187635,1.3240714107283167,1.0208918376290532
0,0.1,250,0,8,0,0,1.0184181468061302,1.0570481306567974,1.263413697599205,1.3041678983839566,0.993910161296614
0,0.1,250,0,8,1,0,1.0156970518404926,1.0612070111848977,1.276928569679912,1.283058610661887,0.9876236579111235
0,0.1,250,1,2,0,0,1.0839553273810774,1.0349698761623238,1.3635810571621216,1.3916673391338532,1.0680865470882661
0,0.1,250,1,2,1,0,1.0784384689932753,1.0504415159978002,1.367838161512592,1.3799933315316586,1.0616744369255473
0,0.1,250,1,4,0,0,1.0422193183133104,1.0246500325553403,1.325778779616161,1.3452462496334436,1.0210792964533506
0,0.1,250,1,4,1,0,1.0660418877524749,1.0290295813876273,1.329573173654952,1.3114563522007,1.0545402532394976
0,0.1,250,1,6,0,0,1.0124777715412883,1.038346303362172,1.2824669948166856,1.3046741629293057,1.019009361308899
0,0.1,250,1,6,1,0,1.0185189940291473,1.0466371587953127,1.3033713059713445,1.3076587203232546,1.0206810911908413
0,0.1,250,1,8,0,0,1.0108843690747207,1.0398796435922781,1.2851540824084688,1.276491379952637,1.0014759480780586
0,0.1,250,1,8,1,0,1.0097199058178068,1.0507362574412469,1.2968449481917828,1.2699137197092203,1.0159991258420056
0,0.1,250,2,2,0,0,1.0767440060282878,1.0421543691448265,1.3864204449201918,1.3522333324476845,1.0696020334600795
0,0.1,250,2,2,1,0,1.0547054867181143,1.041489231954665,1.3802692017343392,1.3536924612554389,1.0743495415211326
0,0.1,250,2,4,0,0,1.0400140154607596,1.0386063083767874,1.3300951094348412,1.3253693277719225,1.0334271625690956
0,0.1,250,2,4,1,0,1.036335851614016,1.048329088955615,1.3316291537470968,1.3332090556612124,1.0497903858960023
0,0.1,250,2,6,0,0,1.0163746344591909,1.046516619342161,1.3145354900573887,1.2921573234310215,1.0289097155056122
0,0.1,250,2,6,1,0,1.0294569373675413,1.0444062591871062,1.2953860572310576,1.3001172229699802,1.0212297717877246
0,0.1,250,2,8,0,0,1.011482122061827,1.0442608418940187,1.2895826050083166,1.2709962346410912,1.0186771235343524
0,0.1,250,2,8,1,0,0.9971862469192605,1.0427040667989385,1.2792335446331324,1.2552480374778445,1.0054374879737817
0,0.1,300,0,2,0,0,1.0671389123150163,1.0480551757538927,1.3475636076806985,1.3884523183829882,1.038274221236706
0,0.1,300,0,2,1,0,1.0856173138886536,1.0584151501465413,1.34734422554458,1.3929667026840409,1.0501268965326058
0,0.1,300,0,4,0,0,1.0557786570828713,1.0536561270525422,1.309000049852073,1.34672630184815,1.0379383396474526
0,0.1,300,0,4,1,0,1.0591660514130574,1.0578399624753723,1.3116965389612778,1.3389661201470813,1.026129558160175
0,0.1,300,0,6,0,0,1.0288106477360968,1.0548958533152575,1.2820702423647903,1.3285104414472821,1.0097364528349537
0,0.1,300,0,6,1,0,1.0284164756166698,1.0617986886154278,1.2868041118273015,1.3112307020149563,1.025782918103928
0,0.1,300,0,8,0,0,1.0278262467691206,1.0552601114852531,1.2743308189345621,1.300004109441584,0.9962339368178518
0,0.1,300,0,8,1,0,1.0292054247471085,1.0683886253657302,1.2871713948653107,1.299182945664927,0.9994173625493536
0,0.1,300,1,2,0,0,1.0612749974546773,1.0426759469455151,1.3626850388755762,1.3732071667524792,1.0849376638022101
0,0.1,300,1,2,1,0,1.067073795709789,1.0320966188509377,1.3687085054560246,1.3888566745231903,1.0577976534826459
0,0.1,300,1,4,0,0,1.0357954579917477,1.0464035217743421,1.3308554157017096,1.3347694302738122,1.0249359190164375
0,0.1,300,1,4,1,0,1.053551996841951,1.0346361526458527,1.323226563668717,1.3487528393771244,1.0430348423199594
0,0.1,300,1,6,0,0,1.030844044447138,1.0474977399236154,1.3071734358710625,1.3062153895232,1.022765679820957
0,0.1,300,1,6,1,0,1.0300260753572708,1.0429404922573609,1.3043946977242766,1.298326421240913,1.0227011527566414
0,0.1,300,1,8,0,0,1.0107978872173966,1.053243169861374,1.2818388212520881,1.2626989054496458,0.9897130945157616
0,0.1,300,1,8,1,0,1.0114828454807456,1.037132514599356,1.2959595852588224,1.2743636339761943,1.0148924824292864
0,0.1,300,2,2,0,0,1.0591398380905344,1.0404619775300221,1.3634733530561014,1.369990451633635,1.0677077587593196
0,0.1,300,2,2,1,0,1.0600337905340629,1.0331870938411496,1.3796818463174116,1.36601155232507,1.0523431979217126
0,0.1,300,2,4,0,0,1.0234134399137509,1.0287682912289673,1.3433634177143405,1.3319510160582695,1.0396728079974213
0,0.1,300,2,4,1,0,1.0265079187193065,1.0317923438071184,1.3248007956770924,1.292034990919885,1.0401272295626807
0,0.1,300,2,6,0,0,1.0180466723337658,1.0470914892631822,1.2982763821884862,1.2815471745752978,1.0031003813846293
0,0.1,300,2,6,1,0,1.0196322970291543,1.0453139347015616,1.3137792639241734,1.2765814425852606,1.0149638545217292
0,0.1,300,2,8,0,0,0.9962509312568059,1.0489308668307444,1.2804311768026209,1.267991526365747,1.0045180125403677
0,0.1,300,2,8,1,0,1.0207323250736862,1.0545091683924235,1.2836134250631677,1.2639390385979523,0.9956600300353419
0,0.1,350,0,2,0,0,1.0781810705532173,1.062601488593875,1.3437315199122013,1.3928507134364507,1.0529802793795662
0,0.1,350,0,2,1,0,1.080375745830701,1.0462029732240414,1.3541641919481586,1.3855234899778013,1.0339924610123308
0,0.1,350,0,4,0,0,1.0592341431615735,1.056938399168366,1.317150590082602,1.3427326459872357,1.0171134024717265
0,0.1,350,0,4,1,0,1.0721770818301786,1.066714405555055,1.3213262062759061,1.3631880480327594,1.0201153734370088
0,0.1,350,0,6,0,0,1.0351238898242447,1.0611399841907732,1.2949821047302406,1.3200028862475934,1.0197527751966875
0,0.1,350,0,6,1,0,1.0452929971163367,1.0510897992112855,1.294131302012721,1.3221098889769172,1.0119705131511647
0,0.1,350,0,8,0,0,1.023522336172056,1.0641875338717253,1.2585290385266599,1.3038349865006076,0.9921952227704574
0,0.1,350,0,8,1,0,1.0154952181136956,1.0541255460844485,1.2742193571749827,1.294027333004321,1.000534295220264
0,0.1,350,1,2,0,0,1.0929992270968631,1.0505913531099136,1.3744837721560192,1.3760032421944777,1.053199044139734
0,0.1,350,1,2,1,0,1.0642519876636536,1.0405597755665776,1.3473001426661189,1.3652240513388973,1.0665206560042597
0,0.1,350,1,4,0,0,1.043654676161278,1.0356718457896517,1.3135427285024162,1.3408294087601917,1.03318224952474
0,0.1,350,1,4,1,0,1.0422540215711353,1.046307297007929,1.3256045078298393,1.3383373038266564,1.0372501742950637
0,0.1,350,1,6,0,0,1.0216120050597,1.0440552849446485,1.299701979051428,1.3012698012006771,1.0292436073875153
0,0.1,350,1,6,1,0,1.007426988800481,1.0483328117888728,1.2977592871590655,1.3049900750525278,1.0248352322590881
0,0.1,350,1,8,0,0,1.0037454831333714,1.0572005255625976,1.2671996661507827,1.2751735515474498,1.0163174384523352
0,0.1,350,1,8,1,0,1.0120327626038472,1.0333813419518902,1.2738528994808263,1.2907464857307032,1.0042899478628875
0,0.1,350,2,2,0,0,1.0495684675495367,1.0452421160807828,1.366056742045274,1.381097289614807,1.0476000276580995
0,0.1,350,2,2,1,0,1.062275038437717,1.0540599450335804,1.3601474558414384,1.379286231188053,1.0727002289530252
0,0.1,350,2,4,0,0,1.0427404545591041,1.034985436648448,1.331931346908738,1.3330902815948316,1.037808167745673
0,0.1,350,2,4,1,0,1.0472306581770097,1.0358310525491106,1.3307772651807712,1.3307714404426894,1.0404516902253829
0,0.1,350,2,6,0,0,1.0190535266159997,1.0472423403913012,1.3021695120515342,1.2891050254055243,1.0185414879975523
0,0.1,350,2,6,1,0,1.028321881557409,1.0472738496621408,1.3057019411890376,1.2897937717014742,1.0196498708826072
0,0.1,350,2,8,0,0,0.9976629161762253,1.0536446246625637,1.278518175750435,1.262067006807147,0.993251015958559
0,0.1,350,2,8,1,0,1.0127305116493777,1.0451150076194624,1.273551305317135,1.2664018512474386,0.9992356517531515
0,0.2,100,0,2,0,0,1.0180651597808235,1.0703401570497217,1.3097332484707958,1.2589278673297806,1.07631914109131
0,0.2,100,0,2,1,0,0.9884566348303595,1.0361240279075041,1.3040908689154016,1.2859823242352686,1.067397025408145
0,0.2,100,0,4,0,0,1.006170441584977,1.0384939765369152,1.3141934926467504,1.2209254308226425,1.0261310238203056
0,0.2,100,0,4,1,0,0.9636199835485052,1.0616709934811335,1.306374552775523,1.2282149925442338,1.0502489541795998
0,0.2,100,0,6,0,0,0.9788338927203611,1.052373437420411,1.2954933064049448,1.197426168888531,1.0241446668573795
0,0.2,100,0,6,1,0,0.9808971342171715,1.0333615378608776,1.2855764012855468,1.225576240144292,1.0507590344567612
0,0.2,100,0,8,0,0,0.9896665371264557,1.0308593818129406,1.2810838662553863,1.2116617416955218,1.025449867648539
0,0.2,100,0,8,1,0,0.9835601939140071,1.0329951111848843,1.2835915996451461,1.2086761789027871,1.0274100200527203
0,0.2,100,1,2,0,0,0.9858175611916481,1.0227673551904206,1.313916306196756,1.2037398166481619,1.0796667521370888
0,0.2,100,1,2,1,0,0.9969142634481878,1.0481297139064054,1.289419965772763,1.2835821867852066,1.075759349493014
0,0.2,100,1,4,0,0,0.9879932825615791,1.0685090849764922,1.3180730519312003,1.1994450910648986,1.0487231880411476
0,0.2,100,1,4,1,0,0.9916232536979297,1.0352973340974088,1.2977199130149073,1.193656419309671,1.0532681778526995
0,0.2,100,1,6,0,0,0.9770651263481998,1.0303536650723515,1.283574882298391,1.1790679756695477,1.0065787701431037
0,0.2,100,1,6,1,0,0.9764073197593045,1.029368106595844,1.285294410539904,1.1682228216991222,1.0095047204066008
0,0.2,100,1,8,0,0,1.0065097150512676,1.0403837331253054,1.2702357453017412,1.156823838154429,1.020296401190674
0,0.2,100,1,8,1,0,0.9678162581703933,1.022046922253435,1.297637100234101,1.1831820945473324,1.022564612371932
0,0.2,100,2,2,0,0,0.9754319574711986,1.0085290670375922,1.2919026187590061,1.207877452055738,1.1175016012521268
0,0.2,100,2,2,1,0,0.9885803590928893,1.0035209794505453,1.34404623208692,1.2542513260246015,1.0919533085703104
0,0.2,100,2,4,0,0,0.9697751945352331,1.0173511395858117,1.2957855328713601,1.1996170418599057,1.0721159771859714
0,0.2,100,2,4,1,0,0.974593906993224,1.0208879741368533,1.3000338020375528,1.2011158148154748,1.0673254392877476
0,0.2,100,2,6,0,0,0.9693558340598973,1.0301022673471112,1.2891829459172628,1.1600644352675167,1.0420441964156872
0,0.2,100,2,6,1,0,0.9659245869816787,1.032254655454568,1.2934744199820967,1.1934178420379915,1.053728871837121
0,0.2,100,2,8,0,0,0.9785647685802064,1.0340172394151796,1.2866423789352963,1.1536841618326072,1.0257473209348649
0,0.2,100,2,8,1,0,0.9674175651092334,1.035898692249301,1.2903149844356456,1.1639289279000666,1.0254903694041482
0,0.2,150,0,2,0,0,1.0136394382475433,1.0171455879379099,1.3088225214111853,1.258110384951493,1.0868006674351198
0,0.2,150,0,2,1,0,1.0026350874395795,1.030582161402109,1.297249018294675,1.25207741257529,1.0958910498880519
0,0.2,150,0,4,0,0,0.9974199502881338,1.0385800342117468,1.2673901163673953,1.2548058935398456,1.0405628536177323
0,0.2,150,0,4,1,0,0.9839669157869823,1.0399231427180295,1.3004360569228244,1.20220529512022,1.0570955402011568
0,0.2,150,0,6,0,0,0.9943896393067194,1.0257236232165148,1.304230440440811,1.2229883982885423,1.0312231195212076
0,0.2,150,0,6,1,0,0.9934854790115846,1.0512020962614503,1.2802361802275268,1.2060238473415337,1.0083562908639414
0,0.2,150,0,8,0,0,0.9597220275236428,1.0301107437489236,1.276136003183351,1.198074233600664,1.0147696497960446
0,0.2,150,0,8,1,0,0.98928484239698,1.020990407015575,1.2546860937477964,1.1899174297760626,1.011108242373615
0,0.2,150,1,2,0,0,0.992951992457183,1.034398924510033,1.320316993632437,1.240742747004884,1.0887052773374224
0,0.2,150,1,2,1,0,0.9980130086631259,1.0288582993874824,1.3027488698860858,1.2346228044510377,1.083861778415534
0,0.2,150,1,4,0,0,0.9861466125310043,1.0497388391603308,1.302947860827817,1.205167704598551,1.0470712646818265
0,0.2,150,1,4,1,0,0.9730870294501731,1.0136411964713192,1.3086043283361397,1.2145526238174982,1.0533784292780364
0,0.2,150,1,6,0,0,0.9907510497060694,1.0325215041700275,1.2990893445795666,1.1867631980342377,1.0327013075528675
0,0.2,150,1,6,1,0,0.9908350551160506,1.0478614425869675,1.2804760156606112,1.1720737322384631,1.0217252949895732
0,0.2,150,1,8,0,0,0.9835543121114942,1.0245252191367873,1.2916313179334804,1.147395290897481,1.0077183720190943
0,0.2,150,1,8,1,0,0.9893414317560588,1.0196979695395605,1.2921536008778156,1.1794030765938326,1.0296532640343987
0,0.2,150,2,2,0,0,0.9863904608252507,1.0222722771701604,1.3202498603457504,1.2202365157708701,1.0939446141029916
0,0.2,150,2,2,1,0,0.9765214267790817,1.0402547207438986,1.3097537141958813,1.2109256403989626,1.0784091226895705
0,0.2,150,2,4,0,0,0.9785304188994802,1.0380765241014356,1.3233789608228768,1.1903913930703165,1.0367561132375445
0,0.2,150,2,4,1,0,1.0008528724271197,1.0333535158209697,1.3208092152823605,1.179126575350048,1.0542929975242017
0,0.2,150,2,6,0,0,0.9812365653196445,1.0153822697032675,1.289651632744813,1.169067747779829,1.0335349835944705
0,0.2,150,2,6,1,0,0.9850546428722479,1.0237068819419664,1.2885665114314524,1.1748723288429996,1.031691633987242
0,0.2,150,2,8,0,0,0.9795385258251207,1.0062024703779793,1.270007815825398,1.1522684474208145,1.0230478874317523
0,0.2,150,2,8,1,0,0.9789170080559952,1.023702002803683,1.2699888858343396,1.1401264996219704,1.0050226248252085
0,0.2,200,0,2,0,0,0.9896221687777897,1.036247101423194,1.318238779017861,1.253921601506767,1.0831486300660986
0,0.2,200,0,2,1,0,1.000953379737055,1.0260466902388794,1.3149016023135165,1.2506624764856742,1.0906899563951837
0,0.2,200,0,4,0,0,0.9737369291445565,1.051733400708142,1.3023574311424082,1.2442667601258672,1.038863574091951
0,0.2,200,0,4,1,0,1.0004819203930255,1.0387568900545265,1.295956051187819,1.2277739242002996,1.0378268385890457
0,0.2,200,0,6,0,0,0.9842617861029876,1.0479552007731998,1.2858605506531264,1.2265474917726267,1.0176026606297273
0,0.2,200,0,6,1,0,1.0037049683313404,1.0450444043962124,1.3036009864282865,1.2225894527160301,1.0122573289500298
0,0.2,200,0,8,0,0,0.9784625087598977,1.036205358148574,1.2689481503604048,1.1911926719718866,1.0217953864440066
0,0.2,200,0,8,1,0,0.9893748234983729,1.0345086740464549,1.274008774822027,1.2022052078424716,1.031239231290888
0,0.2,200,1,2,0,0,0.9781542947393895,1.0239482206253914,1.3174131300299192,1.2247762679024254,1.0604959194905441
0,0.2,200,1,2,1,0,0.9782103486901426,1.0005864069111048,1.3250408136294973,1.2406373705106724,1.083681342688747
0,0.2,200,1,4,0,0,1.0045239612605594,1.0433394346586782,1.293812906244394,1.2075403800095432,1.0480614266790518
0,0.2,200,1,4,1,0,0.9841470381457443,1.0256939178278786,1.3062258068322308,1.1868604456727951,1.0357822042770952
0,0.2,200,1,6,0,0,0.9524598206550922,1.0265466283386,1.301488341937318,1.1879830028092762,1.0275911733399343
0,0.2,200,1,6,1,0,0.985269868987638,1.0238023731159196,1.2743437180595993,1.1948140225379082,1.04648648174638
0,0.2,200,1,8,0,0,0.9898629144960708,1.0261099233994357,1.2866015904782906,1.1698093130094342,1.0242142290245138
0,0.2,200,1,8,1,0,0.9856574921130011,1.0217699987880586,1.2851889680981448,1.1621768117495415,1.040738117762585
0,0.2,200,2,2,0,0,0.9868589434976888,1.0247937968340421,1.3055669490059378,1.2234438107429784,1.0865421769350492
0,0.2,200,2,2,1,0,0.9977094581695942,1.0151400190285993,1.30301409241166,1.231896358220908,1.0977433770415872
0,0.2,200,2,4,0,0,0.9724083266101595,1.0373995990901133,1.2958382952766394,1.1850155841266143,1.0465031242875449
0,0.2,200,2,4,1,0,0.9783569400140487,1.0169237597635277,1.2833303319301304,1.191849635372245,1.0489353993283717
0,0.2,200,2,6,0,0,0.9847302369821197,1.027155615171435,1.2764197702615663,1.1586582246330261,1.0269062056604743
0,0.2,200,2,6,1,0,1.0004845368807305,1.036084310964283,1.2933430244291289,1.1576005040740378,1.009371784902043
0,0.2,200,2,8,0,0,0.9649468462749888,1.0231947463547921,1.2809124454451817,1.137945041345814,1.0261055716718528
0,0.2,200,2,8,1,0,0.9761202993996225,1.031298031086577,1.275000219729997,1.1382856204372602,1.0185854362590667
0,0.2,250,0,2,0,0,1.0004433787996618,1.0069073811979175,1.31017608994869,1.2626958253367253,1.0793818036768135
0,0.2,250,0,2,1,0,1.0153702462978573,1.031124498388095,1.3114559205550593,1.2459455290174577,1.0547210136343037
0,0.2,250,0,4,0,0,1.0008918400882856,1.0434601313862888,1.2919554068426726,1.23853998168483,1.0269513599467495
0,0.2,250,0,4,1,0,0.983563091688151,1.045333315834505,1.309956607302948,1.2463894152048824,1.0310129971672388
0,0.2,250,0,6,0,0,0.977661830225773,1.0423102560296653,1.2725461261045092,1.2192997978034237,1.0442927084338762
0,0.2,250,0,6,1,0,0.9813732336842199,1.0378584374188269,1.2899954931089963,1.215114932530817,1.0144826805556129
0,0.2,250,0,8,0,0,0.9914900529758105,1.026022261485978,1.2789269372543373,1.1974013427215884,1.0113702096152015
0,0.2,250,0,8,1,0,0.9860709531604882,1.0405116745569118,1.2777348491527167,1.209329753227158,1.0094676279989343
0,0.2,250,1,2,0,0,0.9782286037197474,1.031097909156933,1.3112675018756572,1.2143668234734701,1.0949634820649032
0,0.2,250,1,2,1,0,0.9927994995333399,1.0201431395350213,1.3243800770221388,1.2260483678004463,1.0801705247916593
0,0.2,250,1,4,0,0,0.9865575484072536,1.0350805881923804,1.3129989262252986,1.2025821700528279,1.054848727210116
0,0.2,250,1,4,1,0,0.9849721646376354,1.0360233601743887,1.2831139945293928,1.2023169374241256,1.0549337754075476
0,0.2,250,1,6,0,0,0.9907936798520326,1.0213602977190364,1.2880890538874963,1.1827381890441084,1.0308644073002438
0,0.2,250,1,6,1,0,0.9873511795704819,1.0218091150228705,1.3032461146599237,1.1954935936289295,1.0309865473593054
0,0.2,250,1,8,0,0,0.9971603039245275,1.016182400191132,1.2742062450028189,1.160760066910556,1.0160705648748207
0,0.2,250,1,8,1,0,0.9628881690519899,1.0331427361769683,1.290967592910484,1.1738342629766456,1.0224483020509578
0,0.2,250,2,2,0,0,0.9692757504992856,1.0105189380955635,1.327014817343299,1.198212010279162,1.0757119961548969
0,0.2,250,2,2,1,0,0.9719781825232954,1.026184193627783,1.3068240423155337,1.2156592581472179,1.0834947473102143
0,0.2,250,2,4,0,0,0.9846900646553388,1.0189255693984816,1.3049155931893954,1.1992131021088621,1.0534978409224713
0,0.2,250,2,4,1,0,0.9682222184239524,1.0391243566870119,1.3035325702708345,1.1948241467972123,1.0472289354795181
0,0.2,250,2,6,0,0,0.9905224815186471,1.0337813579074129,1.290195981106878,1.1664795311678433,1.02831957150592
0,0.2,250,2,6,1,0,0.9726411017214477,1.022952342197666,1.2898967633810314,1.1691293046320759,1.0416659868794664
0,0.2,250,2,8,0,0,0.984958974901257,1.0235487255860956,1.2648892493887218,1.1363767058350935,1.029408095742046
0,0.2,250,2,8,1,0,0.969728311029872,1.0115210085903759,1.2647340360384107,1.1486874055734047,1.0139329948501004
0,0.2,300,0,2,0,0,1.0122847061762372,1.0194871968874872,1.3115012119510983,1.2644487674543492,1.0653718613317833
0,0.2,300,0,2,1,0,1.0122184612058795,1.0248833719041104,1.298783380368327,1.246997315978132,1.0754831607235604
0,0.2,300,0,4,0,0,0.9829862562185914,1.037059304991455,1.2853711775214027,1.2308821734791873,1.048606361780934
0,0.2,300,0,4,1,0,0.9839085888802817,1.0334329618822997,1.2988692083127826,1.2295246487460956,1.0412476326944518
0,0.2,300,0,6,0,0,1.001587581247461,1.0499076508341,1.2789144622852404,1.2221561128518794,1.0086433967429975
0,0.2,300,0,6,1,0,0.9822543201192747,1.0436051170431557,1.2926185263630703,1.2048257432436649,1.024050359080637
0,0.2,300,0,8,0,0,0.9892896503703479,1.032686501695619,1.2952066160350286,1.2037313585731528,1.019850890109769
0,0.2,300,0,8,1,0,0.9845625605174831,1.034771635137883,1.276587517372241,1.2001400224307497,1.0021672921352578
0,0.2,300,1,2,0,0,0.9815400284940631,1.019657833857283,1.3028541139341654,1.2221435953020956,1.0656469255836218
0,0.2,300,1,2,1,0,0.9850118105997665,1.0170210888980642,1.3056908352212027,1.2254453961022427,1.0837454223704581
0,0.2,300,1,4,0,0,0.9713935356007257,1.0278244602974755,1.2922753628569172,1.2165948730734932,1.0532572773313313
0,0.2,300,1,4,1,0,0.977295646001528,1.0410388657206942,1.3129769748608153,1.2101605886267566,1.0426759959512624
0,0.2,300,1,6,0,0,0.9993974136636045,1.0136190955080342,1.2793898284657295,1.1664814218901056,1.0390390507596565
0,0.2,300,1,6,1,0,0.9840021286389634,1.0214987100076167,1.2905575345079752,1.1855690264326282,1.0356997213103079
0,0.2,300,1,8,0,0,0.9827195313920891,1.0281593969848206,1.2724749969788933,1.1723736690989823,1.0324860689742494
0,0.2,300,1,8,1,0,0.9670591169555157,1.0223529186416536,1.2896233945183768,1.17023520054091,1.026114466875922
0,0.2,300,2,2,0,0,1.0005875311287142,1.0278528579713162,1.2974635427896781,1.1999589090762732,1.081122169446969
0,0.2,300,2,2,1,0,0.9765447906048219,1.0165977638599788,1.298915283125894,1.2378385210881797,1.0896324505793809
0,0.2,300,2,4,0,0,0.9785368340166634,1.018375502095632,1.2955198298471997,1.1967139418560155,1.0498639895927353
0,0.2,300,2,4,1,0,0.9751357153167016,1.0351388936185821,1.3137708581921306,1.196048738083231,1.0476707340251177
0,0.2,300,2,6,0,0,0.9778761457124305,1.0373997649508604,1.2826206419133364,1.1656230964782486,1.0276500546765188
0,0.2,300,2,6,1,0,0.9770010399793182,1.0236982791219182,1.278272169412913,1.1697566215923705,1.0285657336760596
0,0.2,300,2,8,0,0,0.970162401346935,1.0127422012955862,1.2844700748723563,1.1602100622034526,1.0081800495572568
0,0.2,300,2,8,1,0,0.983576203474038,1.0301991340477428,1.286792140100484,1.150461404476388,1.0107576711082182
0,0.2,350,0,2,0,0,0.9968030468255009,1.0302126631489057,1.3085715588914455,1.2553721215239582,1.084575838683517
0,0.2,350,0,2,1,0,0.9972228997035242,1.028470088692516,1.3109763049224077,1.256651267890334,1.0711866864402912
0,0.2,350,0,4,0,0,0.9928788779048315,1.036293010891296,1.3073892737200385,1.2238761395393054,1.0466420777498675
0,0.2,350,0,4,1,0,0.9995002539987691,1.0300059344864454,1.2993641695789944,1.233687820460773,1.0399270997917267
0,0.2,350,0,6,0,0,0.9949414526886633,1.0425075097691308,1.2876167511948589,1.214178318726586,1.0232885824216826
0,0.2,350,0,6,1,0,0.9864632674497528,1.0350973210027192,1.2912267682553085,1.2093175804810548,1.0088293977774254
0,0.2,350,0,8,0,0,0.9901066703622319,1.0298799811162882,1.2689671116300685,1.2009969815707793,1.0046687992218408
0,0.2,350,0,8,1,0,0.9775502009719819,1.042504599880113,1.2756002749281612,1.2044148013198963,1.014674796975492
0,0.2,350,1,2,0,0,0.986262620709918,1.021815151160406,1.3039355330455715,1.2203977937079793,1.084588699323814
0,0.2,350,1,2,1,0,0.9772499600120456,1.0222968181580327,1.3086632920492935,1.2263429601664577,1.0833324872298729
0,0.2,350,1,4,0,0,0.9882667443579636,1.0233187721469803,1.3145384085935234,1.2086632042374246,1.043764540301087
0,0.2,350,1,4,1,0,0.9724997063578691,1.0378583714419225,1.2894023947584639,1.2181490958025984,1.0393029038222694
0,0.2,350,1,6,0,0,0.9898231166506022,1.0429150777254899,1.2835125058859767,1.2034119584055105,1.023331712438613
0,0.2,350,1,6,1,0,0.9769289441337963,1.036095939205847,1.2867790938199182,1.1801271749768079,1.0310092400034585
0,0.2,350,1,8,0,0,0.9746313066801854,1.0257605990521763,1.2782496402060364,1.160118576558267,1.0229205847115
0,0.2,350,1,8,1,0,0.986463439967911,1.0266092593758782,1.2743263377129164,1.1535526187525438,1.0240007924316024
0,0.2,350,2,2,0,0,0.9795012626611956,1.0211938396222444,1.3055712912120818,1.2264087528020233,1.0774808824891173
0,0.2,350,2,2,1,0,0.9800420625628105,1.0276005984711687,1.2992288473872133,1.2099324035740933,1.1072816407231103
0,0.2,350,2,4,0,0,0.9855295781349608,1.0283175183201807,1.2996348969381006,1.1793402869045166,1.0424009359384794
0,0.2,350,2,4,1,0,0.9710750559016587,1.0272989831411892,1.3226285145151337,1.1847546414723793,1.0517390950071412
0,0.2,350,2,6,0,0,0.9641905022067637,1.0247279314922135,1.2888307157930257,1.1646590135645483,1.0270620048619443
0,0.2,350,2,6,1,0,0.9814892132156582,1.0252052546152162,1.2818451519226979,1.1623315480133904,1.03316724339117
0,0.2,350,2,8,0,0,0.9825166585280355,1.0323327770446686,1.278869053927085,1.1636918240993603,1.0102793547294697
0,0.2,350,2,8,1,0,0.9878182055739175,1.0136437810760603,1.2777770747125707,1.1594994297136672,1.0142502990777464
0,0.30000000000000004,100,0,2,0,0,0.8974262743130035,0.976859956249944,1.3918126251958858,1.186005721949579,1.1048990954648785
0,0.30000000000000004,100,0,2,1,0,0.9447739524831543,0.9952212848728471,1.4051525829115583,1.2034573800874504,1.0804587956519351
0,0.30000000000000004,100,0,4,0,0,0.9163118589040897,1.0108083303199462,1.3786808768183416,1.1896469792894468,1.0469418958227803
0,0.30000000000000004,100,0,4,1,0,0.9114699368266432,1.0153051061042526,1.3782794717765816,1.178253523101543,1.0556162003857361
0,0.30000000000000004,100,0,6,0,0,0.9001849123278884,1.0192421329986203,1.3811276530272885,1.1426563994612027,1.0232458571217238
0,0.30000000000000004,100,0,6,1,0,0.9064895036280711,0.9951174490562782,1.35937484991509,1.141916772830908,1.0424416548687814
0,0.30000000000000004,100,0,8,0,0,0.9192426862382682,1.0088794967756638,1.3457200065631094,1.1495367612769247,1.006162610098116
0,0.30000000000000004,100,0,8,1,0,0.901674126952596,1.0139160488652048,1.360382099823993,1.115257471596338,1.0021256929784519
0,0.30000000000000004,100,1,2,0,0,0.9211922688169024,0.9674461980629023,1.3569695030558335,1.197089084743573,1.0980806532425238
0,0.30000000000000004,100,1,2,1,0,0.9502039165473166,0.9678642272188148,1.4097367329189068,1.2002291186201548,1.0809491519083743
0,0.30000000000000004,100,1,4,0,0,0.9059543861980482,0.96294331687119,1.3792249864739046,1.1601781453185545,1.0629823834345236
0,0.30000000000000004,100,1,4,1,0,0.9296720067154917,0.9732777254950153,1.3850437921100418,1.1881593322599773,1.0619270537544219
0,0.30000000000000004,100,1,6,0,0,0.9113963974238805,0.9829222086340618,1.326593590266354,1.152828707987252,1.0287784822444301
0,0.30000000000000004,100,1,6,1,0,0.9310148146908751,1.0031907120429522,1.372975003917356,1.1362018623784127,1.0239815402142862
0,0.30000000000000004,100,1,8,0,0,0.890517120048879,0.9903499441511228,1.3354432172475066,1.1233760867009686,1.0098977747811142
0,0.30000000000000004,100,1,8,1,0,0.9230473452464503,1.013245372208713,1.3395608277491209,1.1217634429043049,0.999131310596641
0,0.30000000000000004,100,2,2,0,0,0.9467021243153001,0.9799903177018079,1.3991698450628371,1.1839005425119646,1.0672855218047164
0,0.30000000000000004,100,2,2,1,0,0.952251370851175,0.9584571355158591,1.390934019735733,1.2003098358586475,1.0803644459933064
0,0.30000000000000004,100,2,4,0,0,0.926172905858885,0.9959894548654903,1.3705305511841583,1.1882752483342505,1.0297260915629547
0,0.30000000000000004,100,2,4,1,0,0.9150705824843918,0.9645056912201648,1.3883448590145573,1.1538057408746734,1.0596669124272142
0,0.30000000000000004,100,2,6,0,0,0.941970102469583,0.9943240280817469,1.3715689621997431,1.1612472237800076,1.0206794274478066
0,0.30000000000000004,100,2,6,1,0,0.9071056689623551,0.9847652638892681,1.3306461536754912,1.154509634157057,1.0198071555345232
0,0.30000000000000004,100,2,8,0,0,0.9354390771167893,0.9976523981005386,1.3392974349260494,1.1260378465292173,0.9984897258226574
0,0.30000000000000004,100,2,8,1,0,0.9175712656089229,0.9936530133707895,1.3498438302445415,1.1378612655743814,0.9972340161415636
0,0.30000000000000004,150,0,2,0,0,0.9216153411545268,0.9987899888179839,1.4200708424532797,1.1733499823467863,1.0920618975595435
0,0.30000000000000004,150,0,2,1,0,0.8982129015485593,0.9989759410721808,1.398166294012864,1.1972157974612498,1.0923577046451813
0,0.30000000000000004,150,0,4,0,0,0.9108907798665372,0.9965998112214554,1.3782073646728723,1.1698667041428557,1.0279189687671821
0,0.30000000000000004,150,0,4,1,0,0.9207656273579738,0.9915342572833463,1.3752460362419523,1.163305476661742,1.0467970177414379
0,0.30000000000000004,150,0,6,0,0,0.8835558869904198,1.0113205885464256,1.3774732243908934,1.1491823950753426,1.0433093239052265
0,0.30000000000000004,150,0,6,1,0,0.8859465864563106,0.9938399278285126,1.3640019033917832,1.1456203926662831,1.0053696281505429
0,0.30000000000000004,150,0,8,0,0,0.8946180998481139,1.0318776998046117,1.3454425405657735,1.1007620739652566,1.0078892922104976
0,0.30000000000000004,150,0,8,1,0,0.8989554431005415,1.0051231033811652,1.3564937673377326,1.1333347893600254,0.992076979506051
0,0.30000000000000004,150,1,2,0,0,0.9388543853817084,0.9775050401524078,1.4114316666889433,1.2027986620497495,1.0804097369656809
0,0.30000000000000004,150,1,2,1,0,0.952752548847869,0.9651947094941108,1.3856409324709493,1.2185585296878891,1.0909813203198686
0,0.30000000000000004,150,1,4,0,0,0.9295807585370253,0.975352703644747,1.3585451887966633,1.1627613791539593,1.0487966552796317
0,0.30000000000000004,150,1,4,1,0,0.903219028230416,0.9818421734919852,1.3528822350521277,1.1817868646149217,1.0149276566306484
0,0.30000000000000004,150,1,6,0,0,0.9076734720364298,0.9897936070045561,1.3776685650995975,1.139122278323354,1.0174970819840181
0,0.30000000000000004,150,1,6,1,0,0.9042635107318263,0.9962474299721882,1.3709188144257245,1.1522224996785515,1.030841476391281
0,0.30000000000000004,150,1,8,0,0,0.9135698781716489,0.9842030817317505,1.3581100187290416,1.1182663708132625,0.9991007963230593
0,0.30000000000000004,150,1,8,1,0,0.9279510054850314,1.0061379693818444,1.359069885300009,1.1160860048005712,1.0025971523469035
0,0.30000000000000004,150,2,2,0,0,0.9516414816726727,0.9876817788980692,1.3834517703924774,1.1946973307689925,1.083763309919608
0,0.30000000000000004,150,2,2,1,0,0.9314956045019875,0.9736457164534871,1.403965126673641,1.2021612400063422,1.077552064893811
0,0.30000000000000004,150,2,4,0,0,0.9257040217569864,0.9672518384175403,1.3668686170990012,1.1718627993864108,1.0428692494872271
0,0.30000000000000004,150,2,4,1,0,0.9459333162873509,0.9724128838154044,1.3672564664304827,1.1815747969406931,1.0415799225352655
0,0.30000000000000004,150,2,6,0,0,0.910288259771092,0.9947431150430689,1.356425729275557,1.172923572767163,1.015406965216264
0,0.30000000000000004,150,2,6,1,0,0.944504562875751,0.9841882641717957,1.3549427102939997,1.1552806619371891,1.01951947938985
0,0.30000000000000004,150,2,8,0,0,0.9193098408057006,0.9852151285962912,1.3334967367877777,1.1336068933251306,1.00767412877618
0,0.30000000000000004,150,2,8,1,0,0.9118121009505343,0.9861895679302793,1.3463303641122293,1.14134081296392,0.9854869655403504
0,0.30000000000000004,200,0,2,0,0,0.9076240198880186,0.9964833518309144,1.3944205966819418,1.1922593792555982,1.0763918592142914
0,0.30000000000000004,200,0,2,1,0,0.9291925650011695,0.9797163565426626,1.4038490611226393,1.1972840265456648,1.080206804865058
0,0.30000000000000004,200,0,4,0,0,0.8963873832816542,1.0073108854571475,1.4018365758220248,1.172541721257219,1.034630597408503
0,0.30000000000000004,200,0,4,1,0,0.8979755268818901,1.0002420443131095,1.3801094461797612,1.1667504461547393,1.0384288239853925
0,0.30000000000000004,200,0,6,0,0,0.8963426337715512,1.00050406458093,1.3933499934032594,1.1257170256831206,1.0163773593067127
0,0.30000000000000004,200,0,6,1,0,0.9041992344852214,1.0052840102514127,1.3717940245697084,1.1606529119868234,1.0392916501193485
0,0.30000000000000004,200,0,8,0,0,0.8935731294626725,1.0041404632529554,1.3552847451643253,1.127869000892681,1.0033808393657642
0,0.30000000000000004,200,0,8,1,0,0.8904521910701115,1.0101193687406103,1.3427184224932633,1.1239857698509732,0.994312952086449
0,0.30000000000000004,200,1,2,0,0,0.9244187571654126,0.9782472023411184,1.4121842560408255,1.1920010599497317,1.070611334948825
0,0.30000000000000004,200,1,2,1,0,0.9333298968172147,0.9779738953035031,1.4174660731245805,1.2028738501383929,1.0768312856469844
0,0.30000000000000004,200,1,4,0,0,0.9012452900217556,0.9880156829125721,1.3564333105243442,1.1776250447040233,1.0303281823597656
0,0.30000000000000004,200,1,4,1,0,0.9158863910422148,0.9877169322065479,1.374274457764798,1.1802630434855068,1.009162295263486
0,0.30000000000000004,200,1,6,0,0,0.902034141107365,0.979123962157987,1.365456898323461,1.1618285574418443,1.0361789177409877
0,0.30000000000000004,200,1,6,1,0,0.8946105537103282,0.9971013646878774,1.3532675795961557,1.1629585019454696,1.0165563355617104
0,0.30000000000000004,200,1,8,0,0,0.9144230415479447,0.991400837335946,1.3297519167274077,1.132032849382741,0.9716177883826377
0,0.30000000000000004,200,1,8,1,0,0.9019011397547698,0.9930702657676521,1.3453388136767037,1.1265002883510131,1.0046808686180662
0,0.30000000000000004,200,2,2,0,0,0.9452706027123396,0.9907067458238794,1.3790780137525267,1.2015485510488042,1.097677195475823
0,0.30000000000000004,200,2,2,1,0,0.9340654224805133,0.9809348434930628,1.4027089618777446,1.2155270801247269,1.0578910707156266
0,0.30000000000000004,200,2,4,0,0,0.9169772348396015,0.9850784719518844,1.3671806049824486,1.1860942935643688,1.0399219635296322
0,0.30000000000000004,200,2,4,1,0,0.905115974203931,0.9823361927890344,1.3952228799083881,1.1816623970235973,1.043542961583574
0,0.30000000000000004,200,2,6,0,0,0.9211995285674061,0.9792530141176443,1.3621158725499107,1.1519334523194222,1.0028447816518358
0,0.30000000000000004,200,2,6,1,0,0.9364237440147091,1.0019047215307333,1.378052691806311,1.147565373563901,1.0086385626519725
0,0.30000000000000004,200,2,8,0,0,0.914656986780542,1.0050918224976972,1.337433086385267,1.1431125059118248,0.9954332711755296
0,0.30000000000000004,200,2,8,1,0,0.9323623359348432,0.992455647531759,1.3423076381908543,1.1301259920470899,0.9929268304763817
0,0.30000000000000004,250,0,2,0,0,0.9314288111545163,0.9826754864026573,1.398088378839142,1.1918458252306015,1.0887129125686155
0,0.30000000000000004,250,0,2,1,0,0.9247396366320942,0.9877245503156769,1.3999207759547707,1.1910286094177815,1.0912006598865913
0,0.30000000000000004,250,0,4,0,0,0.9089245593933497,0.9952854456672511,1.3731977318694744,1.1502439930512627,1.0418190046977094
0,0.30000000000000004,250,0,4,1,0,0.9021097894428952,0.9932403267038025,1.3753356785827568,1.1739573868284698,1.0374837068886953
0,0.30000000000000004,250,0,6,0,0,0.908759887605013,1.0104372453061021,1.3734486321988453,1.144083569961163,1.0187580105592664
0,0.30000000000000004,250,0,6,1,0,0.8920488931910338,1.0079297522145712,1.3591657527117298,1.1545205077265914,1.0274125959485672
0,0.30000000000000004,250,0,8,0,0,0.8952986439073279,1.0237596470533423,1.363824438665925,1.1304503850145686,0.9989922975441103
0,0.30000000000000004,250,0,8,1,0,0.898663940666656,0.9940061929284534,1.3470281136712787,1.1254345053669448,0.9954510254754885
0,0.30000000000000004,250,1,2,0,0,0.9367985787297699,0.9808343422800662,1.3902886798540866,1.208079939339702,1.0714007185221972
0,0.30000000000000004,250,1,2,1,0,0.9345882528955998,0.9607936994056832,1.3842976350330811,1.190907847782209,1.0847264808950203
0,0.30000000000000004,250,1,4,0,0,0.8968297616497795,0.9749693289034034,1.3473537743996171,1.16962626977268,1.0335706438926293
0,0.30000000000000004,250,1,4,1,0,0.9114986689925492,0.9974506312918331,1.3768945972851214,1.1555738018081323,1.0340170840990914
0,0.30000000000000004,250,1,6,0,0,0.9033388285369732,0.9917218490834102,1.3562742519731665,1.1483376335922122,1.0163977863806724
0,0.30000000000000004,250,1,6,1,0,0.8994597588688851,0.9883152051918495,1.3536560721472026,1.1498205152633778,1.0152949856092446
0,0.30000000000000004,250,1,8,0,0,0.9017574079673061,1.0120666066170205,1.3446160797622153,1.1307847946430825,0.9913269638423137
0,0.30000000000000004,250,1,8,1,0,0.8959756532280814,1.002818702467337,1.3404986645213628,1.1311922147212616,0.9916570969311859
0,0.30000000000000004,250,2,2,0,0,0.9383824598615296,0.9634402762353281,1.3843165715084498,1.2087430743947531,1.0807299021406327
0,0.30000000000000004,250,2,2,1,0,0.9374640763966168,0.9652100447437274,1.3876958598848488,1.2142525414021803,1.073448224350306
0,0.30000000000000004,250,2,4,0,0,0.9301743036372855,0.982563129558847,1.3725820478326787,1.1689401335828202,1.0422671382196942
0,0.30000000000000004,250,2,4,1,0,0.9441537894563987,0.9802685647386588,1.3822232358669335,1.1860272825581173,1.0301752827323756
0,0.30000000000000004,250,2,6,0,0,0.9276035400015615,1.0060400509590444,1.3573806770709662,1.1438140899805742,1.0191745877882823
0,0.30000000000000004,250,2,6,1,0,0.9171874205205715,0.9834770154709032,1.3437221553596423,1.1386453151127751,1.0143650433729234
0,0.30000000000000004,250,2,8,0,0,0.9309460155829158,0.997494677721295,1.3246053950764893,1.126268477039986,0.9927706105102572
0,0.30000000000000004,250,2,8,1,0,0.9224229211880325,0.9990271906142444,1.3338400568671367,1.130051333155903,0.9837129313783973
0,0.30000000000000004,300,0,2,0,0,0.9176710367518064,0.9800381596935996,1.3996509367387648,1.1892766107788781,1.0755184621644547
0,0.30000000000000004,300,0,2,1,0,0.9154213990997405,0.9820984655902165,1.4038401483874332,1.199475308305964,1.0913268487085475
0,0.30000000000000004,300,0,4,0,0,0.9047754081555341,0.9937470130181969,1.384770353364627,1.1855984475763546,1.0406607913631776
0,0.30000000000000004,300,0,4,1,0,0.9031660214526533,0.9973714498874297,1.3777918830422418,1.1724259357769957,1.0427119411199504
0,0.30000000000000004,300,0,6,0,0,0.8959334904300601,1.008363136780816,1.3618575179337342,1.1521137941926873,1.0221425901850165
0,0.30000000000000004,300,0,6,1,0,0.9072709547344886,1.0132206404806936,1.3700235521281074,1.1459813656130382,1.0265611276833864
0,0.30000000000000004,300,0,8,0,0,0.8873732301602395,1.0130885511105894,1.3531195246838799,1.133980117915778,0.9995357017444358
0,0.30000000000000004,300,0,8,1,0,0.9010928569103934,0.9978905392196602,1.3509805928746017,1.1307330212224482,0.9853652664492044
0,0.30000000000000004,300,1,2,0,0,0.9320095111776802,0.9636359255950571,1.3745662854401928,1.198350992533266,1.0839691014452493
0,0.30000000000000004,300,1,2,1,0,0.9291432722933786,0.9728153551469226,1.3764722023657745,1.2083125917944861,1.0781283020156607
0,0.30000000000000004,300,1,4,0,0,0.9007660083729364,0.982042195312738,1.3642117842656662,1.1852282112907173,1.0374102793146456
0,0.30000000000000004,300,1,4,1,0,0.9114038827288595,0.9896679086168262,1.3668604462225529,1.17218836548742,1.036486861023747
0,0.30000000000000004,300,1,6,0,0,0.9055861765274383,0.9868209235192803,1.3556136072696765,1.1533597550390131,1.0188468702442555
0,0.30000000000000004,300,1,6,1,0,0.900996615714575,0.9930162748653195,1.3554380306260347,1.1593472548295518,1.005611423242384
0,0.30000000000000004,300,1,8,0,0,0.9070640783926123,0.9946074292904933,1.3422301157531158,1.1356014545605522,1.0002605376340234
0,0.30000000000000004,300,1,8,1,0,0.8997715553094053,1.0039190347830573,1.3442427428238257,1.1358487112077267,0.9992738485956124
0,0.30000000000000004,300,2,2,0,0,0.954803337411251,0.9604016196418904,1.3893649467080296,1.195007476461058,1.0767158163620154
0,0.30000000000000004,300,2,2,1,0,0.9366789581869092,0.9702455033438733,1.3957148147335818,1.2186222855456454,1.0555081366033512
0,0.30000000000000004,300,2,4,0,0,0.9195958525981248,0.9881901962209579,1.3799910758773712,1.1905145472557068,1.0420963545445272
0,0.30000000000000004,300,2,4,1,0,0.9221326968771644,0.9793765993524284,1.372460155518828,1.1778552819055104,1.0225140753579138
0,0.30000000000000004,300,2,6,0,0,0.9207543374656415,0.9776194382163474,1.3532890650758511,1.15364350504706,1.0087935870996871
0,0.30000000000000004,300,2,6,1,0,0.9260245988636057,0.9958972847938503,1.359811128386547,1.154496535536755,1.0114071487666225
0,0.30000000000000004,300,2,8,0,0,0.9260543159439418,0.9967142324791849,1.3491302031242112,1.1267956799557948,0.9834796470925301
0,0.30000000000000004,300,2,8,1,0,0.9189613505663482,1.0056450244823336,1.3445462328839293,1.1277729054579149,0.9876509399852827
0,0.30000000000000004,350,0,2,0,0,0.920834787407642,0.9895137527741458,1.4021670892574543,1.2019280263341818,1.0911089813333483
0,0.30000000000000004,350,0,2,1,0,0.9076188260018107,0.9833344743152027,1.3920257723731095,1.194579832838465,1.0817041184735332
0,0.30000000000000004,350,0,4,0,0,0.9086269218418284,0.9911845321540398,1.3765173034993334,1.1501543536935395,1.0331630297322787
0,0.30000000000000004,350,0,4,1,0,0.9109183511034675,0.9974487086405225,1.3667031499548157,1.1685909969698602,1.036337129112441
0,0.30000000000000004,350,0,6,0,0,0.8848738601395304,1.0065086114843154,1.3697659764556895,1.1493524902691223,1.0160541384446242
0,0.30000000000000004,350,0,6,1,0,0.9008181886794449,1.0148965014731486,1.3506624211148515,1.1454002074676635,1.0251741039521434
0,0.30000000000000004,350,0,8,0,0,0.8917780394578724,1.0224688784289169,1.3437643340537948,1.1278211932116984,1.0020282626637451
0,0.30000000000000004,350,0,8,1,0,0.9087027920862617,1.015415034370081,1.3498925161098116,1.1254660347072254,0.9996837174117094
0,0.30000000000000004,350,1,2,0,0,0.923132034923965,0.9730132049315262,1.3887276943161577,1.1930125532919125,1.071361381375827
0,0.30000000000000004,350,1,2,1,0,0.9299289933359871,0.9852929365230646,1.38246713013561,1.208536161930338,1.0960939390526858
0,0.30000000000000004,350,1,4,0,0,0.9036994238388212,0.9777662002071124,1.364392500527312,1.1682569905356306,1.0254452369679607
0,0.30000000000000004,350,1,4,1,0,0.9081343961789504,0.9712390927702788,1.370188545729702,1.1896216486735276,1.0294585401405323
0,0.30000000000000004,350,1,6,0,0,0.9064054564458256,0.9860797560514565,1.3322412899641551,1.1493679338269578,1.0035243406129484
0,0.30000000000000004,350,1,6,1,0,0.8975457180042217,0.9938487670809849,1.345265837110233,1.1599207668757776,1.0261477487343926
0,0.30000000000000004,350,1,8,0,0,0.9055951597469526,0.9972905408517317,1.3406012924680406,1.120416552105089,0.9830411215780548
0,0.30000000000000004,350,1,8,1,0,0.9061271115919614,1.0005267070350892,1.3421482859076452,1.133101730378325,0.9906004385842406
0,0.30000000000000004,350,2,2,0,0,0.9347823388595764,0.9610470835758422,1.3860536751954937,1.204367522895832,1.0747665738982033
0,0.30000000000000004,350,2,2,1,0,0.9502248669195859,0.9803741735654621,1.3836480224827465,1.2047831067527712,1.0776691100491567
0,0.30000000000000004,350,2,4,0,0,0.9163286499783357,0.9778571697553256,1.3719908022798848,1.1666377095222713,1.0279359172892997
0,0.30000000000000004,350,2,4,1,0,0.9133741743350297,0.9692988326071134,1.3699785907963975,1.1717876937959366,1.0443779449666482
0,0.30000000000000004,350,2,6,0,0,0.9191885272180561,0.9790113186926213,1.3434561777945906,1.1500544006517932,1.020265869769814
0,0.30000000000000004,350,2,6,1,0,0.9150191563244862,0.9911708193753791,1.355693809692132,1.1480357401095593,1.008243353155006
0,0.30000000000000004,350,2,8,0,0,0.9138798591587022,0.9951001871000468,1.3388464100806192,1.1403378207655972,0.9997725356508534
0,0.30000000000000004,350,2,8,1,0,0.9247154650392234,1.001051481310989,1.3318069432190107,1.1382893045904188,0.9934560711399291
0,0.4,100,0,2,0,0,0.9730065362638386,1.117926276931121,1.3794312723221285,1.2129548895027513,0.9611446310513357
0,0.4,100,0,2,1,0,0.9515656702883073,1.0978422317768157,1.3873937802427425,1.2285968491258907,0.9707867472093642
0,0.4,100,0,4,0,0,0.9624860997595344,1.0973086557686396,1.3782075215345237,1.18860149699692,0.9601413012190317
0,0.4,100,0,4,1,0,0.9635690688568721,1.103763293666636,1.4087565993308888,1.1998522348851615,0.9581226213870152
0,0.4,100,0,6,0,0,0.9495690708783758,1.0905994778356107,1.3887344097890695,1.171976087942601,0.9543732321750739
0,0.4,100,0,6,1,0,0.955038076861204,1.0949033014066338,1.3698731969610167,1.1702111265437642,0.9528271594896264
0,0.4,100,0,8,0,0,0.9742710449301276,1.0593103171367193,1.3696115665896824,1.1520279736390442,0.9438325360930907
0,0.4,100,0,8,1,0,0.9796354346952657,1.0657173074872133,1.3649586418730482,1.1457908984049632,0.9454258276445161
0,0.4,100,1,2,0,0,0.970442873266739,1.114677254240632,1.3745350664858085,1.2319428793970613,0.9897729517752178
0,0.4,100,1,2,1,0,0.978573843604506,1.1149284522008152,1.3867941391833685,1.251770735183619,0.982327292512063
0,0.4,100,1,4,0,0,0.9704353041727385,1.0968050144814216,1.3885234301452558,1.190344441420609,0.9914330428341201
0,0.4,100,1,4,1,0,0.9736171971126599,1.0952661007231062,1.3674597184482755,1.1809488604080498,0.9778317153466287
0,0.4,100,1,6,0,0,0.9631849659358209,1.0760932036885225,1.3633260474110092,1.194768505788068,0.9609455265788106
0,0.4,100,1,6,1,0,0.9508679184607901,1.0790236012993195,1.3746907989757018,1.1948316290629244,0.9505947348611062
0,0.4,100,1,8,0,0,0.9588840231432953,1.0709464393637111,1.353641996414869,1.14833267335874,0.9201220295503192
0,0.4,100,1,8,1,0,0.9505287148754615,1.0576569447044724,1.3607654847390882,1.1413007239195703,0.9569705970595027
0,0.4,100,2,2,0,0,0.9511526260877048,1.1238160740111462,1.3336216583167706,1.2637538119071627,0.9608503528764865
0,0.4,100,2,2,1,0,0.943860768070902,1.0994220688611858,1.3187339266590579,1.2330860117866613,1.0152479090527708
0,0.4,100,2,4,0,0,0.9555117871831226,1.0954540544894464,1.3364445105870915,1.2184253795154227,0.9865947652878463
0,0.4,100,2,4,1,0,0.9487650714562968,1.0924380833714813,1.3498609142848885,1.2030227087143224,0.9837023931686145
0,0.4,100,2,6,0,0,0.9264185899384,1.0793028661661643,1.3768111106343621,1.1944532715251615,0.9650581299045606
0,0.4,100,2,6,1,0,0.9315706041705258,1.0799117476869564,1.3464153855809875,1.1640839570115071,0.940673032451401
0,0.4,100,2,8,0,0,0.9483931732908215,1.0525443471083193,1.340254865822057,1.1491283523873983,0.9425540568784996
0,0.4,100,2,8,1,0,0.9341391436189059,1.0465496230840536,1.3118039903390264,1.168862645366008,0.9403870453532709
0,0.4,150,0,2,0,0,0.9695500174626436,1.104922726968703,1.371419443246093,1.2202438363758783,0.9478128832367945
0,0.4,150,0,2,1,0,0.9867896626342718,1.1067320564862682,1.3662214180512418,1.238906280826483,0.9703981167664829
0,0.4,150,0,4,0,0,0.9352442033565971,1.103914761827517,1.3603657754435676,1.2076952897456519,0.965507223298916
0,0.4,150,0,4,1,0,0.9564589962964994,1.118775756951598,1.3886157891330662,1.1886107821926504,0.9465684897843757
0,0.4,150,0,6,0,0,0.9652641357008279,1.0870166224775417,1.3720946036249269,1.169974065257649,0.945333908112024
0,0.4,150,0,6,1,0,0.9492001323847462,1.0705386986807033,1.3693124555925855,1.2093888414804985,0.9516673263955631
0,0.4,150,0,8,0,0,0.9654952115479924,1.0791668402531234,1.3417840057027914,1.1308754072265896,0.9276770214598421
0,0.4,150,0,8,1,0,0.9564709753142737,1.0844785282402498,1.346824934380878,1.1536536332085225,0.9472883348532825
0,0.4,150,1,2,0,0,0.974076963370363,1.1113553222855206,1.3827291364754892,1.2574809736240875,0.9800448265971385
0,0.4,150,1,2,1,0,0.9766745160140289,1.1165232470766349,1.3541380399443124,1.2572137401742,0.9739110056711157
0,0.4,150,1,4,0,0,0.9556798000579598,1.0889497723650783,1.3540821379301542,1.212201386916556,0.9706676723544001
0,0.4,150,1,4,1,0,0.9608422206976758,1.083572417665553,1.3550610725843997,1.2240724097784406,0.9710745598578494
0,0.4,150,1,6,0,0,0.9412983380754377,1.0732226565975125,1.3725217985861913,1.182493965994257,0.9601896500039512
0,0.4,150,1,6,1,0,0.9630714848676374,1.0760830733033855,1.359878113421863,1.196090710874532,0.9683728433555321
0,0.4,150,1,8,0,0,0.9636316295318323,1.0479767755308023,1.3245827543270554,1.1582054220417344,0.9500397322321613
0,0.4,150,1,8,1,0,0.9576501913315482,1.051877482109343,1.3492755313900489,1.185367350430275,0.9483778555020644
0,0.4,150,2,2,0,0,0.9788654020462,1.1058860543024525,1.3524849902154235,1.240128416961413,0.9786995360928787
0,0.4,150,2,2,1,0,0.9654836828458174,1.0993410461464415,1.3348040502298977,1.2574271372393322,0.9907054747393195
0,0.4,150,2,4,0,0,0.9449625230122468,1.09360431951104,1.3423406229821468,1.210651671755154,0.9686004730956549
0,0.4,150,2,4,1,0,0.9399207849759532,1.1017784789833727,1.3382394444438226,1.2233633167420828,0.980694845880814
0,0.4,150,2,6,0,0,0.9249190342422892,1.062665571251218,1.3437100736980494,1.1642621655987386,0.9594415874545078
0,0.4,150,2,6,1,0,0.9427035162422356,1.0907534874757174,1.3526863484990452,1.1827884529828498,0.9576383574569628
0,0.4,150,2,8,0,0,0.9372318946184931,1.0657468036256388,1.3249751110445347,1.1768440829333362,0.9401973533279838
0,0.4,150,2,8,1,0,0.9533529633760861,1.0655248459016509,1.3310503167803927,1.171930665458073,0.9396714631348798
0,0.4,200,0,2,0,0,0.973104182727778,1.1058576130309519,1.367661793195748,1.223261840393086,0.9648527012143627
0,0.4,200,0,2,1,0,0.9685241906324883,1.1198214316949981,1.3714676505544814,1.214944381930369,0.9612741310847152
0,0.4,200,0,4,0,0,0.9544187390997063,1.1024467183442719,1.381543331032891,1.179811693308208,0.939734646177926
0,0.4,200,0,4,1,0,0.9530461706406418,1.1061221754199957,1.3629945039754798,1.179657286994978,0.9534262769024403
0,0.4,200,0,6,0,0,0.9526003770516919,1.067811822707523,1.3611424012715898,1.1776261773041263,0.923311870421645
0,0.4,200,0,6,1,0,0.9580957259293229,1.1046203058148623,1.375160888315239,1.1664737175704696,0.9544483808170733
0,0.4,200,0,8,0,0,0.9715269213000679,1.0687332908231892,1.36494388657505,1.148951278503177,0.9382478122983083
0,0.4,200,0,8,1,0,0.9551062342727552,1.064097936128336,1.3191523315642355,1.1427755879043666,0.9454108644085099
0,0.4,200,1,2,0,0,0.9717098383890903,1.1160455957560722,1.371459892432406,1.2520957476220742,0.9733463329667518
0,0.4,200,1,2,1,0,0.9684531161791987,1.1065245282466496,1.3398636717987809,1.2470716896562248,0.9884230701862549
0,0.4,200,1,4,0,0,0.9627090207650248,1.0832857687849298,1.3640052685792563,1.2086383505341036,0.9793897038801036
0,0.4,200,1,4,1,0,0.9659980376253554,1.0869882697768856,1.3772287103750005,1.2120997624053278,0.9565300541811322
0,0.4,200,1,6,0,0,0.9455535459651812,1.0750269913701544,1.3536890948656033,1.1864275029349696,0.9577521407129519
0,0.4,200,1,6,1,0,0.9437150666460409,1.0656812723829325,1.3694275234180766,1.166587479107935,0.956759927009459
0,0.4,200,1,8,0,0,0.9562406858026357,1.0675354096436613,1.3409598697997058,1.143153486597587,0.9393021112720382
0,0.4,200,1,8,1,0,0.944175381575943,1.0633864528694192,1.3435536194736182,1.157524273822779,0.9452607205557055
0,0.4,200,2,2,0,0,0.9550294971203186,1.1025544355671735,1.3492990899918453,1.2340378022796012,0.9765257195501257
0,0.4,200,2,2,1,0,0.9448426877951375,1.0991793907173317,1.3305210066111832,1.2524236208176893,1.0027112046753293
0,0.4,200,2,4,0,0,0.9599747179634466,1.0868131499663776,1.3388997591862288,1.219652043694527,0.9907485198957237
0,0.4,200,2,4,1,0,0.9354552741115776,1.0900903785660279,1.3635210311957109,1.222694437963113,0.9757927911790382
0,0.4,200,2,6,0,0,0.9436669052966921,1.0624303232595451,1.3561360906094644,1.1999839207739644,0.9510466564074674
0,0.4,200,2,6,1,0,0.944877118675735,1.0634909773336294,1.3380430967578516,1.1777790636067604,0.9659739071605716
0,0.4,200,2,8,0,0,0.9332393003597619,1.0588273227356053,1.3426906066367388,1.144576419002084,0.9493922161607918
0,0.4,200,2,8,1,0,0.9419886485217763,1.052345364213863,1.3442635814429371,1.1558330849254326,0.9517209960849368
0,0.4,250,0,2,0,0,0.965517337798329,1.1209208954490506,1.381157376041794,1.2171758421617191,0.9754740208478287
0,0.4,250,0,2,1,0,0.9708911213303244,1.1200851044794662,1.3718382596876726,1.2190603250749228,0.9639650282430405
0,0.4,250,0,4,0,0,0.9525929217195822,1.102227115193203,1.3801805228870192,1.199556623945784,0.9571669010502086
0,0.4,250,0,4,1,0,0.9565056885070092,1.102613607741056,1.40443668973224,1.1959857115732908,0.9634425558044643
0,0.4,250,0,6,0,0,0.9675841786267344,1.0820587450670107,1.3717480710361796,1.1714821148704253,0.9408359947436723
0,0.4,250,0,6,1,0,0.9654839878989403,1.0818857290701671,1.381880152561706,1.1737211087302917,0.9479141240386203
0,0.4,250,0,8,0,0,0.9587788842340285,1.0770396078651097,1.3395850908905078,1.1480996624853372,0.9429743517221095
0,0.4,250,0,8,1,0,0.9475496045857594,1.0662433969797447,1.3444703638868014,1.1488270816388713,0.9355942192164018
0,0.4,250,1,2,0,0,0.965313192769591,1.1115953656764233,1.36859668190593,1.2323793430255916,1.004683533954289
0,0.4,250,1,2,1,0,0.9633036415072136,1.1250648467559383,1.3477834666109925,1.2159165732048005,0.9725626294005816
0,0.4,250,1,4,0,0,0.970121173155926,1.084984339978446,1.3656614609555684,1.2071644786824092,0.9772672244141292
0,0.4,250,1,4,1,0,0.9644876617370328,1.0973756402246957,1.3694674366414819,1.2244247773505998,0.97064567630433
0,0.4,250,1,6,0,0,0.9567607920278342,1.0672084716952694,1.358079417617262,1.1817880837530579,0.9534089932817967
0,0.4,250,1,6,1,0,0.9589563649363074,1.0629051076687241,1.3624178067600523,1.1752332107186623,0.9501296269297678
0,0.4,250,1,8,0,0,0.9400107304793268,1.0540896176474455,1.3368198706625698,1.1615186709932486,0.9448286324246222
0,0.4,250,1,8,1,0,0.9529928485312715,1.0493266679827478,1.3508900609085945,1.1629865705305487,0.9495647821270884
0,0.4,250,2,2,0,0,0.9469600726280117,1.1056551911541284,1.3259167025874328,1.2564474444702227,0.988534907403525
0,0.4,250,2,2,1,0,0.9571859798920799,1.1009649557069539,1.335989194619298,1.2532523002086091,0.994096872347696
0,0.4,250,2,4,0,0,0.9516077453968083,1.0906598444371773,1.3468420938575605,1.2289042066424578,0.9778223152940241
0,0.4,250,2,4,1,0,0.9399655881616636,1.0899924637852867,1.3502520968184022,1.2057736448421843,0.9843078827711979
0,0.4,250,2,6,0,0,0.946770767018762,1.0715893334793127,1.3457780895647866,1.1745169017755217,0.9566277285563105
0,0.4,250,2,6,1,0,0.9486131862735786,1.0764354197720987,1.3401219883610294,1.189695123663613,0.9413697744285061
0,0.4,250,2,8,0,0,0.9435191638584857,1.0651938409117079,1.3237461376220776,1.1474819575606638,0.9549191295617346
0,0.4,250,2,8,1,0,0.9499785897120909,1.0611107669514732,1.3269194055046272,1.1532361631475847,0.9423096146572059
0,0.4,300,0,2,0,0,0.9726460727179733,1.1087751718741925,1.3626094964186286,1.2186127911215756,0.9747490810791006
0,0.4,300,0,2,1,0,0.975475970108279,1.1004308336390138,1.3628497340870727,1.2210070608110608,0.9587932330384255
0,0.4,300,0,4,0,0,0.9688032866225972,1.0953356271252839,1.3687536840217909,1.191599182374845,0.958943542781066
0,0.4,300,0,4,1,0,0.9540672962722833,1.0995771841791804,1.389669245849439,1.202766873514246,0.9548277107518525
0,0.4,300,0,6,0,0,0.9524427292652392,1.0906085463051978,1.3660388803259833,1.1783655015631167,0.9541600157117538
0,0.4,300,0,6,1,0,0.9499268063345073,1.0775027495674712,1.3721110999102144,1.1722303832137078,0.9353362078654558
0,0.4,300,0,8,0,0,0.9447136405021322,1.064432161030716,1.3583135154761363,1.1602819732175182,0.9305626116221171
0,0.4,300,0,8,1,0,0.9559604954201378,1.0650857247345464,1.3338569945993985,1.1525918513055853,0.9361938606017881
0,0.4,300,1,2,0,0,0.9597740520506299,1.1147423315319422,1.3565505422735107,1.2328557252003907,0.9891993078730453
0,0.4,300,1,2,1,0,0.957254962263878,1.1035060491894628,1.3630959471994866,1.242244242003916,0.9820771388594869
0,0.4,300,1,4,0,0,0.9576281228977086,1.1034569143404356,1.3480888806634244,1.2169621243796642,0.9730744527994675
0,0.4,300,1,4,1,0,0.96255789574158,1.0921834267365689,1.3780622965704876,1.2201523133163044,0.9848656690883475
0,0.4,300,1,6,0,0,0.95821991628991,1.0674815747822408,1.3802410500599855,1.1814016963128768,0.9478383541150089
0,0.4,300,1,6,1,0,0.940469611999611,1.0782806201785227,1.351250409141907,1.1817628776485594,0.9518258074594113
0,0.4,300,1,8,0,0,0.9566143951598731,1.0592852583490833,1.335307299158498,1.1653215691095289,0.9465267787169936
0,0.4,300,1,8,1,0,0.9541421356524834,1.0588470658277889,1.3460866188619653,1.154390355491117,0.9479738101690698
0,0.4,300,2,2,0,0,0.9465989108820378,1.0972606467455788,1.3416049096879303,1.2450060570071269,0.9870956154233244
0,0.4,300,2,2,1,0,0.9540561212729933,1.1156098964248262,1.3401357547452155,1.2505000343565706,0.9856634999861015
0,0.4,300,2,4,0,0,0.9496288416235338,1.091098941854981,1.3474371168824517,1.2218264905618157,0.9619077764663913
0,0.4,300,2,4,1,0,0.9421716079492543,1.087238960852462,1.3499946339725402,1.2079082117257929,0.9801838237101017
0,0.4,300,2,6,0,0,0.9472427922399986,1.0649428326740553,1.3480537579420027,1.1919905893519491,0.9660685075349803
0,0.4,300,2,6,1,0,0.9596005263909512,1.0715905227668754,1.3547113690860464,1.194694416527268,0.9534318465132662
0,0.4,300,2,8,0,0,0.9475258564658885,1.0640741017963264,1.3301726548850126,1.161700936734047,0.9624387547694512
0,0.4,300,2,8,1,0,0.9439251843615509,1.0615468332607612,1.3286134847100226,1.1444037754545346,0.9530680693168141
0,0.4,350,0,2,0,0,0.9655451203421584,1.1101186017702016,1.3608549788653237,1.2278927844851357,0.9761021430133008
0,0.4,350,0,2,1,0,0.9629221369786799,1.109124562302865,1.3786007391665083,1.2301393039722865,0.968893498913326
0,0.4,350,0,4,0,0,0.9546524075548849,1.093903520958586,1.369271216697482,1.1916612734176408,0.9560250844402509
0,0.4,350,0,4,1,0,0.961953749025129,1.1030324276926458,1.3793298763014719,1.1989174648045309,0.9505717042113129
0,0.4,350,0,6,0,0,0.9633829260219092,1.0884038776409186,1.363319158410935,1.1735892475062195,0.9450747891067096
0,0.4,350,0,6,1,0,0.9598570539484476,1.0706738651011094,1.3731746880556803,1.1676277153864993,0.9380547709009396
0,0.4,350,0,8,0,0,0.9579316082669411,1.057588282349864,1.3530534094150408,1.1464764814638069,0.9355021536608139
0,0.4,350,0,8,1,0,0.9663967117595214,1.0639058675606252,1.360724373009248,1.1504160602453946,0.9392823752808247
0,0.4,350,1,2,0,0,0.969941695582616,1.1047179508769025,1.3531612319496173,1.2392915736267753,0.9821073578458454
0,0.4,350,1,2,1,0,0.9666108790910282,1.0948331775346054,1.3530985752510216,1.2490739423637554,0.9818751785884372
0,0.4,350,1,4,0,0,0.9642445474790555,1.0891158865263164,1.3609922823416465,1.2082294766871937,0.9840590556554826
0,0.4,350,1,4,1,0,0.9525238487568162,1.0865878902844377,1.3532679646776016,1.2170260938174664,0.9806248407446947
0,0.4,350,1,6,0,0,0.9585182226817136,1.0740495170591802,1.3682710434825105,1.1837487316026767,0.952607529017906
0,0.4,350,1,6,1,0,0.9480821774913418,1.0678894125532437,1.363933557575237,1.1820774911981244,0.9607212540625225
0,0.4,350,1,8,0,0,0.9627280389799524,1.0650232575795164,1.345733366745465,1.1612771590015079,0.9417115906725408
0,0.4,350,1,8,1,0,0.9570235843737352,1.057654035680294,1.3370917589919429,1.152992669634575,0.9432106103285376
0,0.4,350,2,2,0,0,0.9554980246278016,1.1090061607018105,1.3324477493890559,1.2522823863837997,0.9842132296985946
0,0.4,350,2,2,1,0,0.94994235585226,1.11207012053393,1.343874808313089,1.2476676077612108,0.976307262564819
0,0.4,350,2,4,0,0,0.9471673889415201,1.0967809758807896,1.3576083842035327,1.2104408106360602,0.9779410081007069
0,0.4,350,2,4,1,0,0.9422289753013918,1.0912293398034194,1.3665968389851582,1.207864914354073,0.9692111889398631
0,0.4,350,2,6,0,0,0.9482870923293142,1.0635514364464285,1.3161688934922262,1.1798304033346483,0.9513377124043251
0,0.4,350,2,6,1,0,0.9528647630725411,1.0653406635188178,1.3550429702822586,1.1871704113597579,0.9685589701771135
0,0.4,350,2,8,0,0,0.9336832408513118,1.0459618271244755,1.3163181539364046,1.158235432868297,0.9499861672904061
0,0.4,350,2,8,1,0,0.9400431019026196,1.0560539439575958,1.3368661535941027,1.159569638442865,0.9503947712557227
0,0.5,100,0,2,0,0,0.9332416864900294,1.0460201487207588,1.4124643860854087,1.1659474413865534,0.9890257078659096
0,0.5,100,0,2,1,0,0.9585149130741187,1.039758190036578,1.397283392839183,1.1779371868453854,0.9813215546369936
0,0.5,100,0,4,0,0,0.9106413779275281,1.0353600569090233,1.3913276233043,1.1312607969322759,1.0005225083446367
0,0.5,100,0,4,1,0,0.9448102196058467,1.0247013087071004,1.403980654917794,1.1294307637330594,0.9859136709620534
0,0.5,100,0,6,0,0,0.9249459979730319,1.0195501749302718,1.3718930519558692,1.124727296889571,0.975510853209227
0,0.5,100,0,6,1,0,0.917014534514671,1.0172940594521316,1.3749227490740288,1.1281701144377232,0.994785542704027
0,0.5,100,0,8,0,0,0.9182242351399035,1.0144051676015906,1.350006052568488,1.0971810243030937,0.9853113783402615
0,0.5,100,0,8,1,0,0.9160668633560302,1.021962823937803,1.3114608273519273,1.095258361639015,0.9697712273645374
0,0.5,100,1,2,0,0,0.939297722363638,1.0431310811973356,1.4169117736657209,1.1754391690294683,0.9503193343831461
0,0.5,100,1,2,1,0,0.9267394939457464,1.0379800195260622,1.3945591976417349,1.1589950380299288,0.9807640474823504
0,0.5,100,1,4,0,0,0.9333530408912053,1.0407397928242366,1.3912505652934979,1.1656566721432458,0.9786705036084584
0,0.5,100,1,4,1,0,0.9550287125430604,1.0411630961748206,1.3719223806313838,1.1197444768721534,0.9881396500268449
0,0.5,100,1,6,0,0,0.913297529428202,1.0114339473328444,1.3784070074386796,1.1223028473065946,0.9971721476859768
0,0.5,100,1,6,1,0,0.9292187889295106,1.038106029327988,1.3768378128670973,1.0993891519483157,0.9538377981517824
0,0.5,100,1,8,0,0,0.9177016707797179,1.006690337118123,1.360581587110072,1.0991271681155612,0.9866610604330359
0,0.5,100,1,8,1,0,0.923489603030894,1.0135347020621368,1.383668933011026,1.0953667597989685,0.9472643325865097
0,0.5,100,2,2,0,0,0.9171118168731964,1.0638035858913741,1.419130100562698,1.1793966027951424,0.9731850899222048
0,0.5,100,2,2,1,0,0.932465735450769,1.0737188174931847,1.4018349570752342,1.1894835827499313,0.9676416159370769
0,0.5,100,2,4,0,0,0.899556264223278,1.0470619227913578,1.3968836087197871,1.1487373560122858,0.977667662279875
0,0.5,100,2,4,1,0,0.9349171118052949,1.045945028441909,1.4120058168441394,1.153927116725153,0.9768097949427879
0,0.5,100,2,6,0,0,0.9170255841148941,1.0141852112568066,1.3621267445927194,1.1141944811588904,0.9641511347276581
0,0.5,100,2,6,1,0,0.9139833294447289,1.0154068509690186,1.359253638938933,1.0965471614636668,0.9485157543906481
0,0.5,100,2,8,0,0,0.9183000786180493,1.0267373511029076,1.3544443558384227,1.1070381798381879,0.9812727851693497
0,0.5,100,2,8,1,0,0.9226411887732537,1.0115656832005229,1.3775792458060148,1.1095640260559965,0.9684445601433451
0,0.5,150,0,2,0,0,0.9296005330941781,1.0572716285024102,1.3809938446156376,1.1725138486312936,0.982295299579499
