wgt_fx,wgt_fx_theta,ml_theta1,ml_theta2,ml_theta3,ml_theta4,alg,0,1,2,3,4
0,0.1,100,0,2,0,0,1.0302509156256674,1.0505480131921014,0.9755412188715639,1.1876370544442525,1.033623918437439
0,0.1,100,0,2,1,0,1.0178548723134329,1.004075305156833,0.9632251961789905,1.1903680572867728,1.0320390330075762
0,0.1,100,0,4,0,0,1.0099270611683246,1.0044154934037766,0.9562601359878368,1.1642495566741256,1.0047875613479014
0,0.1,100,0,4,1,0,1.0221734194941587,1.0471409018600977,0.9555876375652176,1.1517036778556877,1.0197451370772457
0,0.1,100,0,6,0,0,0.9941941660020606,0.9643373675072124,0.9361467159811335,1.1224086484110547,0.9705911627488062
0,0.1,100,0,6,1,0,0.9931334985160907,0.9816471339073299,0.9375633087890827,1.1336984698490806,0.9907307840385169
0,0.1,100,0,8,0,0,0.9751463924720536,0.9736457726740629,0.9441611981578187,1.1329317233514389,0.9433005696541777
0,0.1,100,0,8,1,0,0.9676246002761812,0.9464370760089013,0.9469286710950795,1.1154654198220026,0.942329247971154
0,0.1,100,1,2,0,0,1.018251202806524,1.0122808506946301,0.9753573443188025,1.1806447721249949,1.0701020520780051
0,0.1,100,1,2,1,0,1.0051058439383513,1.0140972137440205,0.9645288580406368,1.1823992383674817,1.0369915311560056
0,0.1,100,1,4,0,0,0.9857709871180106,1.0084357669510062,0.9556538436278641,1.1721911469610005,1.0348013406897685
0,0.1,100,1,4,1,0,1.0252179633196563,1.0018881385311995,0.9391173262259602,1.1612799596700667,0.9938365068038976
0,0.1,100,1,6,0,0,0.9865814223177305,0.9718798038168885,0.9357528854832159,1.1714752406298854,0.9695490271598609
0,0.1,100,1,6,1,0,0.9908735022823993,0.9886903788783774,0.9338730173519708,1.1388500480175994,0.9810543761999603
0,0.1,100,1,8,0,0,1.0038575577800901,0.9638575625155371,0.9171427165903882,1.1286865203816936,0.9746460116298099
0,0.1,100,1,8,1,0,0.9611981847640543,0.954901743705302,0.9161545998272833,1.1281111453459285,0.9631409455199536
0,0.1,100,2,2,0,0,1.0179475851157622,1.0250571564034954,0.968539964962663,1.2287365949141025,1.0292210155909365
0,0.1,100,2,2,1,0,1.0173551830245777,0.9956003600356158,0.9891635475924216,1.1842253780578313,1.0553879858227222
0,0.1,100,2,4,0,0,0.9996417900461306,0.9898642296455701,0.9410462688948732,1.1902535098741491,1.0091274583058267
0,0.1,100,2,4,1,0,1.0058480174853763,0.9973736180867879,0.959082245537788,1.179297064554326,1.0288947158397055
0,0.1,100,2,6,0,0,1.009081941367896,0.9656186474090241,0.9352511552638176,1.1520697987015158,0.9792341234032971
0,0.1,100,2,6,1,0,0.987979267267253,0.9523573562432875,0.9240102566056722,1.1705940032713005,0.9528360121234014
0,0.1,100,2,8,0,0,0.9545644026001003,0.9336612338742101,0.9087419158370567,1.1054766632481796,0.9630786239475143
0,0.1,100,2,8,1,0,0.9639108100124717,0.9368418134431161,0.9043517688628734,1.1191475838407348,0.9514170829935721
0,0.1,150,0,2,0,0,1.0278083805535634,1.0379124851538102,0.989685191922278,1.169024541323255,1.0633905322974477
0,0.1,150,0,2,1,0,1.0124527142251945,1.0344673705245222,0.9616712117437042,1.1704765804599475,1.0563662041824489
0,0.1,150,0,4,0,0,1.0218567223122503,1.0062831308760867,0.9721773093302636,1.1583845562629458,0.9831337043847975
0,0.1,150,0,4,1,0,1.0084576371726044,1.0060922098022134,0.9762910168625566,1.1447635673076815,0.9943055814288931
0,0.1,150,0,6,0,0,0.9922763021109339,0.961669544315803,0.9405080348315352,1.1181779082631154,0.9896208668698147
0,0.1,150,0,6,1,0,1.0030488295398754,0.9846899994600501,0.9500426585561447,1.143501875180091,0.966601594992484
0,0.1,150,0,8,0,0,0.9704507397623998,0.9456459716751099,0.933092147453097,1.1193524733815137,0.9519584056078202
0,0.1,150,0,8,1,0,0.9705831407090758,0.9712386358595553,0.9321593289082244,1.1273971093170116,0.9578699037171717
0,0.1,150,1,2,0,0,1.0065137256914065,1.0085141298538205,0.9526084534843664,1.1873716227265791,1.0426010357516602
0,0.1,150,1,2,1,0,1.0123226898052795,0.9960355806330283,0.9778119642869441,1.181884088241086,1.018313665791917
0,0.1,150,1,4,0,0,1.01080801718556,0.9992291073875817,0.938569382913058,1.1738648391260136,0.9967091794698133
0,0.1,150,1,4,1,0,1.0105722963552464,1.0091056845794268,0.9418459564756906,1.188193009854025,1.0110456438479047
0,0.1,150,1,6,0,0,0.9856245206163711,0.984725100440062,0.9384991850935451,1.1338841850875232,0.9634873228275237
0,0.1,150,1,6,1,0,0.9680549307198723,0.966734932737896,0.9245251598607067,1.1526646580382114,0.993227517940849
0,0.1,150,1,8,0,0,0.9648078194642605,0.9523156885923441,0.9275850071386426,1.1226875097905513,0.9628647054045463
0,0.1,150,1,8,1,0,0.9630637088097744,0.9617404197315502,0.9269249461205281,1.1264897092848194,0.9372354451149921
0,0.1,150,2,2,0,0,1.011348194873895,1.0173897026052245,0.9591004387061237,1.1872301634953533,1.039126377799877
0,0.1,150,2,2,1,0,1.0234766758839853,1.001696491958909,0.9664886656189163,1.1886929614741397,1.0554490529130494
0,0.1,150,2,4,0,0,1.0062248203351813,1.0156880043420633,0.9454472479550412,1.1826822081511315,0.9995684963056717
0,0.1,150,2,4,1,0,0.9856138689421214,0.9831366643397592,0.9616258576887088,1.171693188865875,1.0005106204177248
0,0.1,150,2,6,0,0,0.9763877337042114,0.9499995327612929,0.9134048178034037,1.1503405164690148,0.9830666714661253
0,0.1,150,2,6,1,0,0.9607948062530262,0.967867339859284,0.9362962786985568,1.1449109832672395,0.9765367897624014
0,0.1,150,2,8,0,0,0.9612763037521985,0.9409493030291742,0.912329959294651,1.141994578653212,0.938259125527286
0,0.1,150,2,8,1,0,0.9548286179082813,0.924735999805603,0.9033531088766045,1.143385277451415,0.9628159690134526
0,0.1,200,0,2,0,0,1.0156306495074514,1.0308964525463888,0.9831625543232454,1.1483541433491355,1.0199120002152244
0,0.1,200,0,2,1,0,1.0044661669820996,1.0324911692647227,0.9820513866491607,1.1809083376268235,1.0299372118654837
0,0.1,200,0,4,0,0,1.0197844550432704,1.003379179776336,0.964336637265392,1.1588005492893405,1.0071455726699734
0,0.1,200,0,4,1,0,1.0039180492638893,1.0120970962539457,0.9717480324379919,1.1690402445945824,1.0080939884716864
0,0.1,200,0,6,0,0,0.9937103435547917,0.984268005184073,0.9208579050189801,1.1317417405845465,0.9858637569343747
0,0.1,200,0,6,1,0,0.9786013788610403,0.9850653888169093,0.9365404609883652,1.1516885902866418,0.9848138227985022
0,0.1,200,0,8,0,0,0.9673966663091311,0.966101787611518,0.9228411835439858,1.1122497109663136,0.9579490702707762
0,0.1,200,0,8,1,0,0.9735416571746734,0.9632263408150461,0.9250190513028561,1.1307036352839854,0.9635171469333069
0,0.1,200,1,2,0,0,0.9909809925876797,1.0215231846521171,0.9584448162605633,1.1851043760413253,1.0270655161421887
0,0.1,200,1,2,1,0,1.0125706182596321,1.0198407012472541,0.9739489500612132,1.1934729941019835,1.045273662399094
0,0.1,200,1,4,0,0,1.003706187320644,1.0064388767810408,0.9395353357184985,1.1819406795850438,1.0040060951931513
0,0.1,200,1,4,1,0,0.9935223359562433,1.0034045797036222,0.9657799370979973,1.1773164864778332,1.008399082796453
0,0.1,200,1,6,0,0,0.9806215022291462,0.9851733079981675,0.93136632222717,1.1459109438864414,0.9743567248534275
0,0.1,200,1,6,1,0,0.9916827021307477,0.9840813530903159,0.942253577787755,1.1761719537337518,0.9735670180462919
0,0.1,200,1,8,0,0,0.976883388954934,0.9476193508330917,0.9178727390555692,1.1196621895560916,0.9612479403767344
0,0.1,200,1,8,1,0,0.9607054809426964,0.954949955436963,0.9310918459604571,1.1345168492698776,0.9511490863336277
0,0.1,200,2,2,0,0,1.0259250465298457,0.996803755581261,0.9431876270753758,1.1941540357770828,1.0408416487641903
0,0.1,200,2,2,1,0,1.0198986858805914,0.9991939772397024,0.9548083155762589,1.2036056288686328,1.0399807979235778
0,0.1,200,2,4,0,0,0.9961567544763781,0.9989251453965665,0.9397347855728138,1.1807139360564316,1.006512732015638
0,0.1,200,2,4,1,0,1.0063743978439823,0.9956756223788991,0.9459142534109779,1.1831761953049647,0.9960228653221722
0,0.1,200,2,6,0,0,0.9639097526200685,0.9533256522004535,0.9223935161466443,1.1571400929349964,0.9557162041260641
0,0.1,200,2,6,1,0,0.9769854522865926,0.9538710981431929,0.9282961396796829,1.1693846158541028,0.9884911423852346
0,0.1,200,2,8,0,0,0.9576992988442795,0.9404710194653724,0.9210727508331986,1.1379895427792743,0.963088161967188
0,0.1,200,2,8,1,0,0.9555383920253336,0.9271486078132403,0.911594990357346,1.1261133642722496,0.9539599646169137
0,0.1,250,0,2,0,0,1.0116043022641918,1.0100806161825815,0.9700768006525308,1.1730309226482885,1.0499331501548708
0,0.1,250,0,2,1,0,1.015048212755891,1.0222067474159484,0.9612010089932068,1.1745763725112404,1.0387124453941419
0,0.1,250,0,4,0,0,1.0034710541768928,1.0187918254943198,0.9550371878879523,1.1819369263701966,1.0190811697067919
0,0.1,250,0,4,1,0,1.0076191901345526,0.9914921126856696,0.9448351348355095,1.1583618537313962,0.9984264821062441
0,0.1,250,0,6,0,0,0.9817328461422399,0.9835770469885928,0.945497073629628,1.1301567504529608,0.9865010459224621
0,0.1,250,0,6,1,0,1.0009290855224628,0.9817685452324775,0.940388205218038,1.147216430185111,0.9815033008077154
0,0.1,250,0,8,0,0,0.9679682980075222,0.9437011021594224,0.9263922272541432,1.114014001863014,0.9362164072825587
0,0.1,250,0,8,1,0,0.96836793067332,0.9583887198801277,0.922137349008534,1.1128496986069147,0.9755297425288361
0,0.1,250,1,2,0,0,1.020040994609177,1.004554857447688,0.9610083512900662,1.1898665382977835,1.0174388157034973
0,0.1,250,1,2,1,0,1.0061384207519992,1.009542980163083,0.967040287630043,1.1854801823279086,1.0439798466309824
0,0.1,250,1,4,0,0,1.0102769808269696,0.9944981184613465,0.9524045909235728,1.1694326483834794,1.005230595685566
0,0.1,250,1,4,1,0,0.9937358980704191,1.022417931989372,0.9532228482633347,1.1492338656325454,1.0101880585375662
0,0.1,250,1,6,0,0,1.0045305448723236,0.986547312212437,0.9444143412285076,1.1533689209309141,0.9905846582701445
0,0.1,250,1,6,1,0,0.9869764810916084,0.9702130171210599,0.939040534993676,1.1364006293217725,0.9751777888888296
0,0.1,250,1,8,0,0,0.9711338759246506,0.9492301275465281,0.9161550709738631,1.1176600215708046,0.9534408806131599
0,0.1,250,1,8,1,0,0.9580217954787412,0.9601971317765369,0.9224967526752951,1.1170867260733814,0.9366830257461064
0,0.1,250,2,2,0,0,1.0036239330225525,0.9972806837153794,0.9843203264956529,1.1989381030186044,1.0153030746859455
0,0.1,250,2,2,1,0,1.0028451969280723,1.01013516791956,0.9662993149083322,1.2058115911193712,1.0283476080224674
0,0.1,250,2,4,0,0,0.9918937056422128,1.0028803577656005,0.9528020621318555,1.1901873678423533,1.0020719847466513
0,0.1,250,2,4,1,0,1.0131265252164519,0.9846178123113701,0.9411805159610069,1.1808484121191223,1.0005903990608147
0,0.1,250,2,6,0,0,0.9700178125716182,0.968818538923624,0.9499161038961658,1.154073613493576,0.9826227002045899
0,0.1,250,2,6,1,0,0.9781005181056578,0.9758001029181214,0.9221998225740075,1.147022331177623,0.9851595810981709
0,0.1,250,2,8,0,0,0.9606151166350152,0.94821222110126,0.9125830951505907,1.1247842208696133,0.9595588010742668
0,0.1,250,2,8,1,0,0.9543946084132646,0.9430893086234684,0.9307737767460303,1.114778336686681,0.95276980392651
0,0.1,300,0,2,0,0,1.0155796785385707,1.0404211598262498,0.9703925150677244,1.1562609226698748,1.042924365606959
0,0.1,300,0,2,1,0,1.0314714474625155,1.0434296212797838,0.9611640179694726,1.1880393395187798,1.0250708817323244
0,0.1,300,0,4,0,0,0.9936475250058971,1.0153245601912244,0.9472264992207271,1.168407126555496,1.0044854622704023
0,0.1,300,0,4,1,0,1.0073132364043456,1.0167097100692764,0.9402916374441854,1.1573131543164101,0.9962123951865958
0,0.1,300,0,6,0,0,0.9838642305834996,0.9859325102179088,0.934089845782582,1.1410017433390458,0.9741284775745472
0,0.1,300,0,6,1,0,0.9821942827711685,0.981650442355161,0.933105540918153,1.1554689574329744,0.9821692647708177
0,0.1,300,0,8,0,0,0.9852822689622804,0.9518840730175948,0.9300988781732107,1.1289856779903686,0.954107059894894
0,0.1,300,0,8,1,0,0.9713373372862362,0.9685947542369768,0.9208990846371173,1.109418932722755,0.9538715848027315
0,0.1,300,1,2,0,0,1.0274638319527065,1.0118719768383961,0.9692575671436874,1.1856126148942179,1.0376815638759103
0,0.1,300,1,2,1,0,1.012309933822403,1.017645136673553,0.9566215498600622,1.1700073401173712,1.0462251738578845
0,0.1,300,1,4,0,0,1.0001498446486694,1.0008420274210372,0.9567916655581177,1.1610210923571802,1.0027928561885735
0,0.1,300,1,4,1,0,0.9900216299751391,1.0195971313129215,0.944448283969639,1.1823028778339713,1.0027484287453785
0,0.1,300,1,6,0,0,0.9832297635336762,0.9897497389265777,0.9219759553792426,1.1405868457383606,0.9743214640377404
0,0.1,300,1,6,1,0,0.9884554535332253,0.986971398878944,0.9339312652671639,1.1563418370748655,0.9768878123543818
0,0.1,300,1,8,0,0,0.9759693078125934,0.9679318482772084,0.9172993076985364,1.1191208672790223,0.9349467947001505
0,0.1,300,1,8,1,0,0.9625188567636578,0.9366068979197009,0.925614541913614,1.1269465022188718,0.9575099295443258
0,0.1,300,2,2,0,0,1.0091595731873753,1.0112247159282592,0.9709879295688856,1.1941715304161442,1.0241257355509805
0,0.1,300,2,2,1,0,1.0078133125926623,1.0025350529155828,0.9513506930430142,1.201533867458131,1.0385121041123695
0,0.1,300,2,4,0,0,0.9968754324174262,0.9967655886271738,0.9515869907985811,1.1817957475522922,1.005736223827813
0,0.1,300,2,4,1,0,1.003612341879642,0.9852759382170208,0.9348640602625613,1.1733898796915585,1.0004936730412253
0,0.1,300,2,6,0,0,0.9724720840162971,0.9648187251270745,0.9167442507616715,1.1352699184097033,0.9762165821222994
0,0.1,300,2,6,1,0,0.9709420126930987,0.9636241785942774,0.9190822403475305,1.1534874703962172,0.9834601303182219
0,0.1,300,2,8,0,0,0.9478598841974094,0.9344137019158184,0.921783936665205,1.133750819336962,0.9544063598027789
0,0.1,300,2,8,1,0,0.9548323697522483,0.947686226226968,0.9154309657673304,1.1227492065359088,0.9541884379491992
0,0.1,350,0,2,0,0,1.018748274176867,1.0240926233640766,0.9597625570023736,1.1705610442071999,1.0371115141275236
0,0.1,350,0,2,1,0,1.0134168514410067,1.0127520644332684,0.9680299689842803,1.1820405671571357,1.0386987027437617
0,0.1,350,0,4,0,0,1.0119323295460374,1.0166982063362189,0.9539063786877656,1.1721176480900324,0.9876216693494505
0,0.1,350,0,4,1,0,1.0266742218117058,0.9955732555237233,0.9580240893519149,1.149370090286442,1.00951236218069
0,0.1,350,0,6,0,0,0.9782222909069259,0.9785314003422857,0.930697866432874,1.1377352166804202,0.9760507169922653
0,0.1,350,0,6,1,0,0.9809685313987554,0.9780273014634258,0.9343362081137587,1.1433421588526063,0.9726443050404214
0,0.1,350,0,8,0,0,0.9650052552863175,0.9574751427797583,0.919194778940238,1.122294615772472,0.9539512143783683
0,0.1,350,0,8,1,0,0.9718711012854383,0.9380871793871186,0.9151672069171785,1.1192602163057406,0.9473427108018803
0,0.1,350,1,2,0,0,1.0258696140023105,1.0216290071126441,0.9528288803045855,1.1823747064067818,1.0338770166333988
0,0.1,350,1,2,1,0,1.0075119397232923,1.008217361156294,0.9513327373776447,1.1593333741639635,1.0484967632323916
0,0.1,350,1,4,0,0,1.008984075869194,0.9848534971681853,0.9541902197040718,1.1597551999902371,1.019655314478917
0,0.1,350,1,4,1,0,1.0010013262820128,0.9989352265399614,0.9554324871636212,1.1793441407980776,0.9935350746752746
0,0.1,350,1,6,0,0,0.9802528419556868,0.9717078819838528,0.9107102842753061,1.1404651996617785,0.9858726258436876
0,0.1,350,1,6,1,0,0.9879404732762942,0.9676097169917047,0.9353896125692718,1.1451821518366192,0.9639671875402539
0,0.1,350,1,8,0,0,0.9600908956837114,0.9536806319893326,0.9279657894948616,1.114368333132985,0.9543699992683206
0,0.1,350,1,8,1,0,0.966218271240718,0.9465380483973991,0.9269324354452304,1.1355037628970657,0.9391494074940403
0,0.1,350,2,2,0,0,1.0067098890960637,1.0060078976165432,0.9429049281384511,1.1791312843552249,1.045557763807539
0,0.1,350,2,2,1,0,0.9999322408428436,1.0014212910910998,0.9531848501761725,1.1850975586185233,1.0344157247211647
0,0.1,350,2,4,0,0,0.9945627058659166,0.9900019471185214,0.9486257929431456,1.1733010187329456,1.0068630658046096
0,0.1,350,2,4,1,0,0.9934415403275455,0.992336622212215,0.9520181952818256,1.1747555308194215,1.007049575086447
0,0.1,350,2,6,0,0,0.9609698160788657,0.9544561614869626,0.9301783397799784,1.1528454342932248,0.9725075849160794
0,0.1,350,2,6,1,0,0.9647580304857569,0.964431282323331,0.9411986086402387,1.1572240016358069,0.9688146449350182
0,0.1,350,2,8,0,0,0.9554745128878164,0.9274153992344765,0.9190281588702301,1.1343416259637942,0.9551536092525543
0,0.1,350,2,8,1,0,0.9738224589818313,0.9407320143839657,0.9187688332592595,1.1219227949985509,0.961578485780442
0,0.2,100,0,2,0,0,0.9714816848802897,0.9621549130547178,1.027429124687977,1.1482355340725166,1.0833193533827667
0,0.2,100,0,2,1,0,0.9504729279669484,0.9992981877624295,1.039447770173253,1.1485201885951166,1.0457039891853595
0,0.2,100,0,4,0,0,0.9516131180666902,0.9807672239571764,1.0431776757181261,1.1503666390989251,1.0525468154900994
0,0.2,100,0,4,1,0,0.9617319911919349,0.9371278377367401,1.0180353951304912,1.128704097560632,1.0372924441124565
0,0.2,100,0,6,0,0,0.9416342615460014,0.916846395020963,1.0166649109536867,1.0964298594087087,0.9731722394134246
0,0.2,100,0,6,1,0,0.9310957513930104,0.9449606585593747,0.9871615780722184,1.1193350936596622,0.9682571034069011
0,0.2,100,0,8,0,0,0.9411105413109896,0.9062560649314217,0.9914374867298181,1.065166879400009,0.9431708280043722
0,0.2,100,0,8,1,0,0.9385610351727333,0.9359120355073594,1.0111274729659914,1.1094856752361753,0.9475013612945626
0,0.2,100,1,2,0,0,0.9780540775400075,1.0003650333237857,1.0186353669414214,1.1409619645593858,1.0136805101394069
0,0.2,100,1,2,1,0,0.9922923676454358,0.9865691492717972,1.0463050693073648,1.152972053264831,1.04018494037465
0,0.2,100,1,4,0,0,0.9649967128194683,0.958548190449329,0.99610575311813,1.147296179978535,1.0206014071853613
0,0.2,100,1,4,1,0,0.9563551001467628,0.9671224050907421,0.9953992473172125,1.170378826434291,1.0078855974267553
0,0.2,100,1,6,0,0,0.9516682925303604,0.9371840401407623,1.0008671357768668,1.1166927059743588,0.9828615317831263
0,0.2,100,1,6,1,0,0.940730230977542,0.9296538704733196,0.9956464769537803,1.1109163469656216,0.9835781192793841
0,0.2,100,1,8,0,0,0.9462765875114267,0.9117682386014914,0.9934312944983615,1.097416152789413,0.9801134849609734
0,0.2,100,1,8,1,0,0.9354770039075792,0.9116588281589427,0.9956163774076591,1.091207609369072,0.9356733368699679
0,0.2,100,2,2,0,0,0.9623694248610514,0.9770348974116123,1.0465521449238573,1.1471801515386846,1.0570571397163997
0,0.2,100,2,2,1,0,0.9707064049020807,0.9863278003506325,1.0272435664880086,1.168572225043807,1.0254781151253114
0,0.2,100,2,4,0,0,0.9569523967506353,0.9878961816010182,1.0464452471842267,1.1474682095502446,1.0064654310704457
0,0.2,100,2,4,1,0,0.9454194551574087,0.9564190713326975,1.000573795827309,1.1520135450304805,0.9722243840273143
0,0.2,100,2,6,0,0,0.9539210173562834,0.9355893692025691,0.9969156040903658,1.126759805827872,0.9494163384146677
0,0.2,100,2,6,1,0,0.9608656711196953,0.9298162962989791,1.014798313256896,1.1116515282401147,0.9744667352989166
0,0.2,100,2,8,0,0,0.9142173267054673,0.9356243102138887,1.0185864331249925,1.1071687868298332,0.9632343344221515
0,0.2,100,2,8,1,0,0.9587992988204125,0.9347044767206255,0.9853185730245076,1.078273302273161,0.9414126396376045
0,0.2,150,0,2,0,0,0.9506682564540248,0.9826938608467628,1.0371814911147943,1.1717851312912724,1.0396116617343845
0,0.2,150,0,2,1,0,0.9635670527396402,0.9929892466103729,1.023981301437818,1.1636063392359237,1.038915911409629
0,0.2,150,0,4,0,0,0.9588954779684065,0.9449559779622776,1.011616175803296,1.1331024884321748,0.9897623560455776
0,0.2,150,0,4,1,0,0.9499877706445898,0.958631806521549,1.0252986418484247,1.135720676609988,1.0108569837550225
0,0.2,150,0,6,0,0,0.9631227950146637,0.9323746032709141,1.0048412085982341,1.118084327752806,0.976678569084407
0,0.2,150,0,6,1,0,0.9434542183804999,0.9228598373902503,0.9973037808902424,1.1090451526281397,0.9592822478962295
0,0.2,150,0,8,0,0,0.9355049653747104,0.9220448171514714,0.9992818650840735,1.0754336145412544,0.9342096735784687
0,0.2,150,0,8,1,0,0.9521188694394498,0.9066428350602566,1.010581329409447,1.0870752456020114,0.9646333589446043
0,0.2,150,1,2,0,0,0.9527089292862738,0.9860187928167535,1.0222316380377774,1.1639465038200334,1.047515762213748
0,0.2,150,1,2,1,0,0.9660768782353725,0.9778569311560162,1.020473282890016,1.16435284219653,1.0229489991850647
0,0.2,150,1,4,0,0,0.9536939944520507,0.9497771685933881,1.0180162090623235,1.1374437097789614,1.0118587239609862
0,0.2,150,1,4,1,0,0.9570459538319201,0.9393679750998307,1.017628073031241,1.1328264661251224,1.0124152795492054
0,0.2,150,1,6,0,0,0.9395975475888946,0.9286311993877135,0.9866318889191794,1.1251453833170417,0.9748349862402665
0,0.2,150,1,6,1,0,0.9442270275755432,0.9595133217468748,0.9991701470249098,1.1063608071391253,0.9750469767242933
0,0.2,150,1,8,0,0,0.9433962359901494,0.9040762700310624,1.0012738355290596,1.076816914912037,0.9439066454839353
0,0.2,150,1,8,1,0,0.9362477845340983,0.9269646193305541,0.9994553017896934,1.1112832170451332,0.9563353450373687
0,0.2,150,2,2,0,0,0.9757773871817883,0.9945556042427993,1.0423743487026655,1.1780617058226086,1.033244965889748
0,0.2,150,2,2,1,0,0.965451655541277,0.9832468364407065,1.028838797831084,1.15121183801889,1.0135203942443227
0,0.2,150,2,4,0,0,0.9423202860949542,0.9654443772534468,1.0038258414507413,1.1433977686508778,0.9891186867625401
0,0.2,150,2,4,1,0,0.9644660276640639,0.9841966760404425,1.010199662750544,1.1492129242129043,0.988230769667501
0,0.2,150,2,6,0,0,0.9490659756418869,0.9407582792152445,1.0072750555850236,1.1303550062171044,0.9575589890910184
0,0.2,150,2,6,1,0,0.9621342753046668,0.9417577423665225,0.9928777766148007,1.10504926970311,0.9768239590886536
0,0.2,150,2,8,0,0,0.924372930545748,0.9293752070633613,0.9981556252726287,1.108633324270997,0.9644275303350185
0,0.2,150,2,8,1,0,0.9476390292864764,0.9132613881471741,1.0132271430249389,1.1100578929911016,0.9353979807217621
0,0.2,200,0,2,0,0,0.9753474052608926,0.9839116880956527,1.0216080295222314,1.159100333240746,1.0313150000143059
0,0.2,200,0,2,1,0,0.9672278217994164,0.9791836817675738,1.0315571587298107,1.1523807570552058,1.0090230677950363
0,0.2,200,0,4,0,0,0.9506014661414507,0.9618400853537481,1.026901670442516,1.1460595414770427,1.0033042386925661
0,0.2,200,0,4,1,0,0.9353966003591332,0.940188207723075,1.0049358053904263,1.1371945331845406,1.0141087049644792
0,0.2,200,0,6,0,0,0.9353523933058253,0.9186089275479784,1.0045057567927227,1.1211734303904795,0.9686594411631472
0,0.2,200,0,6,1,0,0.9666323958879446,0.9433407574900743,1.009286984841282,1.1215697830940012,0.9705999003457165
0,0.2,200,0,8,0,0,0.9471472234859682,0.8920679499803594,0.995165534340953,1.093637508891201,0.9655024225808143
0,0.2,200,0,8,1,0,0.9329327091213889,0.9166137901872723,0.9883040628922076,1.0944390579479015,0.9452424855044572
0,0.2,200,1,2,0,0,0.963658713179454,0.9935016360381104,1.0112805691153137,1.1584365549233038,1.0346802876743653
0,0.2,200,1,2,1,0,0.9606826510289708,1.0068878782210566,1.0121081203568578,1.165304944832735,1.0197444025109696
0,0.2,200,1,4,0,0,0.953589115476799,0.9466934752868034,1.010774381076877,1.1443175162349648,1.0168160939122992
0,0.2,200,1,4,1,0,0.9428482582472304,0.9544058802580409,1.0296799845752291,1.147364257429325,1.0126723998245664
0,0.2,200,1,6,0,0,0.9647753506305705,0.9325469711072675,0.9804216457077229,1.1147347089216997,0.9587528681484442
0,0.2,200,1,6,1,0,0.9440776577948793,0.9342898916686295,1.0059486204640529,1.1125645457902464,0.9666020282005485
0,0.2,200,1,8,0,0,0.9211766997450617,0.9115398210230375,1.0075121061768164,1.0903927918768495,0.9594858367685432
0,0.2,200,1,8,1,0,0.9462530939937127,0.9092906364511947,1.0091868125679777,1.0903650862590528,0.9587163042634655
0,0.2,200,2,2,0,0,0.9644490071543409,1.0031411313608625,1.0310334859700345,1.136090703169984,1.0334192511558489
0,0.2,200,2,2,1,0,0.966980975639877,0.9960847240993503,1.0371220223534414,1.1750017296876885,1.0099768296713756
0,0.2,200,2,4,0,0,0.9719547373830975,0.9833068904348772,1.0093206834119635,1.142880315624024,0.9887083148251604
0,0.2,200,2,4,1,0,0.9527134963906478,0.9565709964280231,1.008168170571631,1.1365466300407436,1.0160343592045153
0,0.2,200,2,6,0,0,0.941283541220535,0.9437329057894731,0.9925261928269437,1.0974625861353522,0.9684390693591934
0,0.2,200,2,6,1,0,0.9500751607258675,0.9592868692937819,1.016677990267288,1.114860697446109,0.9558989007589
0,0.2,200,2,8,0,0,0.9359522065678333,0.9139069332900789,1.00015766358409,1.111608087250981,0.9405625844289391
0,0.2,200,2,8,1,0,0.9447273268055626,0.9074464969182514,1.0038645297937874,1.1122452946540635,0.9528924650941583
0,0.2,250,0,2,0,0,0.9707464869828755,1.0039441610063062,1.0252420040373786,1.1562297685216976,1.03016626644995
0,0.2,250,0,2,1,0,0.9641247854404068,0.9745041308712701,1.0292187118042917,1.1646452113600019,1.0390334349044932
0,0.2,250,0,4,0,0,0.9378982254911773,0.9589111285051093,0.9986297829857897,1.1501849621249227,1.0106024305239305
0,0.2,250,0,4,1,0,0.9431764732314915,0.9415012307392766,1.020969569112941,1.1424237483187314,1.011249554075277
0,0.2,250,0,6,0,0,0.9660913958589823,0.9326609011732564,1.0122870036018057,1.1191943915844507,0.9795023986317118
0,0.2,250,0,6,1,0,0.9564834541661419,0.9179754982053561,0.9986473117142421,1.1267167732809755,0.9734343587622698
0,0.2,250,0,8,0,0,0.9359622897352239,0.907805288953548,1.0114590141778823,1.0957442158961717,0.9530684837210115
0,0.2,250,0,8,1,0,0.948461435489575,0.9226483620410169,0.9983683781202657,1.0939127129415116,0.9487987410102111
0,0.2,250,1,2,0,0,0.9527071142326238,0.9615549811598408,1.026811001860021,1.1605191744712544,1.0193695602263297
0,0.2,250,1,2,1,0,0.9592566106084965,0.9897057486644006,1.0434914363308272,1.1602582694357526,1.020248825785265
0,0.2,250,1,4,0,0,0.9698177028134379,0.9523533841782317,1.0035169388877723,1.1445116810526539,0.9867773393796012
0,0.2,250,1,4,1,0,0.9622560078246585,0.9678172203382287,1.0038843014958296,1.1296621127986182,1.003724252508355
0,0.2,250,1,6,0,0,0.939605728461729,0.9094780528460903,1.0041858851466257,1.121669528252097,0.972671122672841
0,0.2,250,1,6,1,0,0.9506226415210418,0.9290052430214184,0.9926025352385798,1.1093398788808249,0.967078945119405
0,0.2,250,1,8,0,0,0.9465534052528589,0.9102381528138168,0.992449058924078,1.0992623789862,0.9497901682755384
0,0.2,250,1,8,1,0,0.9450707433920708,0.9213415951159826,0.9959975929675348,1.0968143064709626,0.9461006658153216
0,0.2,250,2,2,0,0,0.9771691116821629,0.9948428495375756,1.0259720946171527,1.1650890202014346,1.0402472087325219
0,0.2,250,2,2,1,0,0.9620492626880515,0.9828991107683772,1.031836347412901,1.1564971098700714,1.0130442193013516
0,0.2,250,2,4,0,0,0.9499529764457729,0.9591568140375145,1.0019427401325436,1.1491880603933007,1.0071225966048467
0,0.2,250,2,4,1,0,0.9425523847960999,0.9523264529066936,1.0212610557234754,1.1507683525505406,1.0036905113412136
0,0.2,250,2,6,0,0,0.9552357402082712,0.940317350390533,0.9918648884219954,1.1250541400570582,0.9570649040586875
0,0.2,250,2,6,1,0,0.9478936403716691,0.9431707342769484,1.002355810688577,1.1265833324046755,0.9733010836591766
0,0.2,250,2,8,0,0,0.9510897814480805,0.9252240877748519,0.9983249750520988,1.092340685923827,0.9543347915733081
0,0.2,250,2,8,1,0,0.9506021546456602,0.9220056108717837,1.0060370509531746,1.095022034172279,0.9403173808740479
0,0.2,300,0,2,0,0,0.9528492790182609,0.9891620533907045,1.0179783508423703,1.155923168711098,1.0410264830144684
0,0.2,300,0,2,1,0,0.9408140549038853,0.9902203860917818,1.0292643676157514,1.1514189202217644,1.0463312210431548
0,0.2,300,0,4,0,0,0.9506971612970683,0.9599937099575225,1.003482083744399,1.1391845062023183,1.0048564560512279
0,0.2,300,0,4,1,0,0.9615330133877518,0.9664797777843294,1.0045716903414132,1.1312928982394441,1.0058606881115686
0,0.2,300,0,6,0,0,0.9382577198093344,0.9529975714625405,0.992373392847061,1.114082400332048,0.9687160704665083
0,0.2,300,0,6,1,0,0.9490209230261747,0.9384772203167089,0.9958938854638961,1.111026967118872,0.9893887720273681
0,0.2,300,0,8,0,0,0.9315874934239627,0.9134830382095204,0.9923595764133195,1.0889101113460975,0.9459357524936318
0,0.2,300,0,8,1,0,0.9336325182944034,0.9135550669886504,1.0019919702974087,1.0985073044243,0.9474506727727094
0,0.2,300,1,2,0,0,0.9549761255479958,0.9835687920575746,1.0238324377027668,1.166105330108031,1.026854652196987
0,0.2,300,1,2,1,0,0.9580491682189984,0.9867044832381968,1.019410208240196,1.148552482979778,1.0408904784605222
0,0.2,300,1,4,0,0,0.9485813542582037,0.9695356900025714,1.0123100089201065,1.132415419337846,1.0042261473059484
0,0.2,300,1,4,1,0,0.9534327420326446,0.946092434953035,1.0149928859601174,1.1275214557981856,1.0172009960760466
0,0.2,300,1,6,0,0,0.9610989736276033,0.9231237624347586,0.9890720278300552,1.1136851087605177,0.972250897281227
0,0.2,300,1,6,1,0,0.9432013689606409,0.9453890475093486,1.0020384504656055,1.1161706255342194,0.9567009226020318
0,0.2,300,1,8,0,0,0.9315454124924537,0.9085614675784608,0.9973900504195806,1.0938018731498613,0.9625093240926736
0,0.2,300,1,8,1,0,0.9353949216178955,0.9160775917165669,1.010566703282337,1.1020445458049983,0.946013718409308
0,0.2,300,2,2,0,0,0.9613341718724014,0.9853019306942751,1.025190867565894,1.166302993525479,1.0312783668244485
0,0.2,300,2,2,1,0,0.9696986834555448,0.9973847450965397,1.0298613649823833,1.1591505864985856,1.030841157580497
0,0.2,300,2,4,0,0,0.9557155174918146,0.9582487359202113,1.029683393602963,1.1476747529253435,0.9970770967751851
0,0.2,300,2,4,1,0,0.9517131787765873,0.9693649951441436,1.0205808808527135,1.1483774491954928,1.0016159718128683
0,0.2,300,2,6,0,0,0.9628728205996726,0.943948364644468,1.0047326188628436,1.1091412427347282,0.9499530540082588
0,0.2,300,2,6,1,0,0.9467698997819671,0.9339617397872316,0.9998846806504083,1.1136270021710257,0.9805630781481338
0,0.2,300,2,8,0,0,0.9436962164931711,0.9122519450791358,1.005784824183028,1.1012466540055488,0.9352047970259667
0,0.2,300,2,8,1,0,0.9390049050329986,0.9219200057103641,1.007399200240491,1.0878386320688103,0.9452391927595619
0,0.2,350,0,2,0,0,0.9617917841544837,0.9787279326780095,1.0232956455343118,1.1524121633288356,1.0358340108985509
0,0.2,350,0,2,1,0,0.9562299518782631,0.9819816902761905,1.0344268264492156,1.147583909855259,1.0385987075562917
0,0.2,350,0,4,0,0,0.9617204913829005,0.9532472200866793,1.0213683777467686,1.144668841128914,1.0081145789054906
0,0.2,350,0,4,1,0,0.9611148894017214,0.9510181015437847,1.008717379874715,1.1408028181816927,1.0096241208807695
0,0.2,350,0,6,0,0,0.9482725378024914,0.9365866750705564,1.0002492517952726,1.1098328187214106,0.9735826807111284
0,0.2,350,0,6,1,0,0.9607925583285797,0.9234514187797561,0.9990730314990924,1.1021837226659603,0.9795057307428019
0,0.2,350,0,8,0,0,0.9354128478298819,0.921642140369416,1.0042137369439286,1.1019927876421243,0.9475209970331138
0,0.2,350,0,8,1,0,0.9430332388148006,0.909299095398561,0.9968634417913134,1.096892462245042,0.9560977734832353
0,0.2,350,1,2,0,0,0.9584113840958369,0.9919977359104141,1.0352466224918866,1.1564576059885279,1.0299616926545585
0,0.2,350,1,2,1,0,0.9599111851411727,0.9787328912656564,1.0280597185401534,1.1640028726095413,1.0309899502907667
0,0.2,350,1,4,0,0,0.9648788788749618,0.9403272681977078,1.0180546814512463,1.1308793184997739,0.9924844905348575
0,0.2,350,1,4,1,0,0.9515152288282297,0.9593732108699254,1.0116428451002062,1.1402810666053997,0.9985953352871131
0,0.2,350,1,6,0,0,0.9354442952836538,0.9282198003372281,0.9972803443958134,1.1036784524057421,0.972324741872375
0,0.2,350,1,6,1,0,0.9365166805340311,0.9233774327520267,0.9986503639297726,1.1112471583719457,0.9639499330467081
0,0.2,350,1,8,0,0,0.9450651232341937,0.9212516892958392,1.0121623213217281,1.098500491513168,0.9484417478658292
0,0.2,350,1,8,1,0,0.952387367491566,0.9125622312021042,0.9892543291207033,1.0996114795235636,0.9513321462930722
0,0.2,350,2,2,0,0,0.9644839056152361,1.0069755443113555,1.0364570232871164,1.1769163399302198,1.0214447765409072
0,0.2,350,2,2,1,0,0.9632107293450642,1.0083102286839323,1.0407051588333198,1.171362213975804,1.0295359163225037
0,0.2,350,2,4,0,0,0.962982855246741,0.9713101571803751,1.0208025861854202,1.146062484051138,0.9982903564136346
0,0.2,350,2,4,1,0,0.9486737541208063,0.9569535662626069,1.0068842811637093,1.1442065509116794,0.9836113100738536
0,0.2,350,2,6,0,0,0.957393486298572,0.9372032915853891,0.9961801069054629,1.1162833539173833,0.9761709254589934
0,0.2,350,2,6,1,0,0.945416885697543,0.9363848991478173,1.0108535895763835,1.12002968019979,0.9644841792809469
0,0.2,350,2,8,0,0,0.9316760647373306,0.9051689537771982,1.0134078636040895,1.094593245460106,0.9504734879842711
0,0.2,350,2,8,1,0,0.9468555673994733,0.9156996170618156,0.9972948511938251,1.0941751406998248,0.94006135751771
0,0.30000000000000004,100,0,2,0,0,1.0963567907399585,0.9208631647555864,1.0776456949132334,1.1642252007403213,1.0812028728510223
0,0.30000000000000004,100,0,2,1,0,1.1090563666742785,0.914386754040742,1.0577398580265276,1.183689828859269,1.0737647874705263
0,0.30000000000000004,100,0,4,0,0,1.0601215686259342,0.9222579626211183,1.0672033184809397,1.1301416212859503,1.0505585231690813
0,0.30000000000000004,100,0,4,1,0,1.0435001912058073,0.9132237044268833,1.0457956697651145,1.1262148148385263,1.051163161229153
0,0.30000000000000004,100,0,6,0,0,1.0024338014010976,0.9173669063214731,1.0466832301629505,1.0871512072489133,0.9920512411564393
0,0.30000000000000004,100,0,6,1,0,1.009278664348774,0.9179089182500181,1.051314281626914,1.104455012555027,0.9877772058399675
0,0.30000000000000004,100,0,8,0,0,0.9761242757805522,0.8885258769090578,1.03921635973958,1.0782233047975258,0.9836946452515265
0,0.30000000000000004,100,0,8,1,0,0.9900182785289772,0.9149371342969457,1.0323497924240697,1.0629711060760985,0.9518304532020123
0,0.30000000000000004,100,1,2,0,0,1.1093713197785804,0.9177027937283688,1.04893019849774,1.1638301896933532,1.1026124905471564
0,0.30000000000000004,100,1,2,1,0,1.0804562296025995,0.9294702569132166,1.094230878597353,1.1529491703309793,1.0670127634289666
0,0.30000000000000004,100,1,4,0,0,1.0671118829409234,0.9433448143299481,1.0552854062162513,1.1525924512644463,1.0281730278859929
0,0.30000000000000004,100,1,4,1,0,1.0406219867166036,0.9162238770733386,1.0751059950774138,1.1239390161497198,1.0203808108307335
0,0.30000000000000004,100,1,6,0,0,1.001472122097112,0.9051804670317314,1.070619043240955,1.1071207391331013,1.0110284542895107
0,0.30000000000000004,100,1,6,1,0,1.0076054606000397,0.904080591923586,1.0507799789978152,1.0817070749888114,1.0158646279098045
0,0.30000000000000004,100,1,8,0,0,1.0061454415543667,0.9116444001905571,1.0323894390541761,1.099654646405209,0.996140901453722
0,0.30000000000000004,100,1,8,1,0,0.9484621405391934,0.9329908306845286,1.034291759703343,1.0834931760731497,0.9556961660782223
0,0.30000000000000004,100,2,2,0,0,1.0802446059303998,0.9149332091659582,1.0706926565884005,1.196344330697558,1.086691414339438
0,0.30000000000000004,100,2,2,1,0,1.0719604497893187,0.9340063293662775,1.054881656845479,1.1944334124239409,1.1032368884497907
0,0.30000000000000004,100,2,4,0,0,1.0578059079282816,0.9074747918411276,1.0464877821003133,1.1445097032221314,1.0372771694904954
0,0.30000000000000004,100,2,4,1,0,1.0719319554710196,0.9299767036442844,1.0341868498567826,1.1577399563692665,1.0669222977979322
0,0.30000000000000004,100,2,6,0,0,1.0390441602688856,0.9293575703866291,1.031108808299258,1.1379716279861896,0.9922342264997719
0,0.30000000000000004,100,2,6,1,0,1.0210280320440732,0.9320038630642844,1.0299186739270436,1.1295907733372321,0.9935349675068326
0,0.30000000000000004,100,2,8,0,0,0.9813791593466651,0.9127276954067675,1.0301163699296845,1.121979633345749,0.9646075124824892
0,0.30000000000000004,100,2,8,1,0,0.9986363028903369,0.925993300631432,1.028179692566734,1.0833743611532134,0.9660676029957882
0,0.30000000000000004,150,0,2,0,0,1.1012145670056623,0.9376053498323865,1.0442498585824416,1.1613736964023111,1.0596195658864234
0,0.30000000000000004,150,0,2,1,0,1.0763583909177896,0.8969826662658871,1.0520895245584556,1.1473395072102142,1.069923696167496
0,0.30000000000000004,150,0,4,0,0,1.0435399479412915,0.9000045316474932,1.0593728467270815,1.1278152987136203,1.0199847617256261
0,0.30000000000000004,150,0,4,1,0,1.0642021212631327,0.9262125511889016,1.0439732870633371,1.1055985113146083,1.036203848756377
0,0.30000000000000004,150,0,6,0,0,1.0115131494080327,0.923167466618274,1.0333196647155467,1.0890745641913717,0.992963562352298
0,0.30000000000000004,150,0,6,1,0,1.0275085947606868,0.9075633270084863,1.0460129780347707,1.0947181326534112,0.9974257363975041
0,0.30000000000000004,150,0,8,0,0,1.0053054380330293,0.9314505429692188,1.0381678085219725,1.0835643940835953,0.9793302167765416
0,0.30000000000000004,150,0,8,1,0,0.9609965046862535,0.924372908327679,1.061761408008781,1.0760289128865306,0.9662480975268141
0,0.30000000000000004,150,1,2,0,0,1.1026698086643756,0.9191274228186616,1.074807706150263,1.1744629934490682,1.0765145824858255
0,0.30000000000000004,150,1,2,1,0,1.0838700186421502,0.9059425055251865,1.0636910932901937,1.172640491755753,1.0785152825226696
0,0.30000000000000004,150,1,4,0,0,1.0655766438022207,0.9470139762886914,1.0945507572536384,1.1326879534500263,1.0536571748136303
0,0.30000000000000004,150,1,4,1,0,1.0618394239931808,0.9086416895983962,1.0449494470086567,1.1427913424154243,1.0360272704468134
0,0.30000000000000004,150,1,6,0,0,0.9950800938616506,0.9118920057144793,1.0455071593937475,1.0843798173090191,1.0043056984184633
0,0.30000000000000004,150,1,6,1,0,1.0202763364586194,0.9173623474749274,1.0338499793580151,1.1199125399168526,1.0146515140405172
0,0.30000000000000004,150,1,8,0,0,0.9894030355703142,0.9216934425940739,1.0240884568352135,1.0922218551946294,0.9628880680349132
0,0.30000000000000004,150,1,8,1,0,0.9711874943232943,0.898360355168304,1.028904579706314,1.081178626483855,0.9691999602185856
0,0.30000000000000004,150,2,2,0,0,1.1165670852480258,0.944854623502636,1.0700193775500875,1.159124531066945,1.076521275674378
0,0.30000000000000004,150,2,2,1,0,1.0907907888263486,0.915105412030827,1.0602201113510288,1.172570872672671,1.0837288655504818
0,0.30000000000000004,150,2,4,0,0,1.0557185831247897,0.9251755014808771,1.04236634096597,1.1256688336414682,1.0360676457181783
0,0.30000000000000004,150,2,4,1,0,1.0684998534419534,0.9287697736673608,1.036588296334339,1.1461512384321044,1.0346083858288335
0,0.30000000000000004,150,2,6,0,0,1.029592042423272,0.9452561421564653,1.0263769747312859,1.1088585895805676,0.9982882638013658
0,0.30000000000000004,150,2,6,1,0,1.019511169784652,0.9314547137197591,1.019525838180632,1.121080851763199,1.0111345985113889
0,0.30000000000000004,150,2,8,0,0,0.9759255870255125,0.9226916240378766,1.0319061679746702,1.0906484102840417,0.9579778813211065
0,0.30000000000000004,150,2,8,1,0,0.999258338346409,0.9276377205534133,1.0353262464227817,1.0864500234684222,0.9694179393264134
0,0.30000000000000004,200,0,2,0,0,1.091497387033364,0.9169305374982161,1.0641254341219126,1.1598802462228979,1.0661609482399819
0,0.30000000000000004,200,0,2,1,0,1.0969808808131294,0.9183165972557877,1.0390741746530647,1.16618735242256,1.0868531604732294
0,0.30000000000000004,200,0,4,0,0,1.0345295345026468,0.8964605952723494,1.066256674573212,1.1509606278573012,1.0338627403565044
0,0.30000000000000004,200,0,4,1,0,1.0506871439816223,0.9184528847524857,1.0675577983072593,1.128204393270038,1.0412457268988606
0,0.30000000000000004,200,0,6,0,0,0.9996031363055604,0.927587026026347,1.0237669295619902,1.0631139109011334,1.024516859137443
0,0.30000000000000004,200,0,6,1,0,1.0077105698416902,0.9128961514585027,1.037221991807762,1.0978100549861698,1.0020336424083474
0,0.30000000000000004,200,0,8,0,0,0.9844076832492726,0.9166546139630906,1.021662422460593,1.0733417753043344,0.9691553874108219
0,0.30000000000000004,200,0,8,1,0,0.992288457635899,0.8993512032886932,1.0574897666322733,1.0725286879079694,0.9667730463790387
0,0.30000000000000004,200,1,2,0,0,1.103503486671288,0.8987101991158954,1.0489242117231758,1.1817582677752008,1.0671527204407183
0,0.30000000000000004,200,1,2,1,0,1.1098754851590693,0.9117209158754094,1.0639779787395691,1.1558361584581884,1.0766143961322197
0,0.30000000000000004,200,1,4,0,0,1.0723488008156608,0.9288493896133796,1.049670148410242,1.128628715967385,1.0284014084109243
0,0.30000000000000004,200,1,4,1,0,1.0670307191730115,0.9035135236617512,1.0785499687705216,1.134603551324078,1.0286486553745753
0,0.30000000000000004,200,1,6,0,0,1.0278721659224601,0.9165797222903033,1.0535974002151103,1.105072727257909,0.9857633318571376
0,0.30000000000000004,200,1,6,1,0,1.0346528928699228,0.9266546530461752,1.0483327846175463,1.0917175332952598,1.0157398433521305
0,0.30000000000000004,200,1,8,0,0,0.9745843980540694,0.9131950783731116,1.045719886074484,1.0648928584338484,0.9692223156685048
0,0.30000000000000004,200,1,8,1,0,0.9847315726169066,0.9186787699952408,1.0280218122704237,1.0801488891824775,0.9799006795777464
0,0.30000000000000004,200,2,2,0,0,1.0887688632209191,0.953714049872943,1.0657129977358355,1.1723893851873706,1.0881652978190712
0,0.30000000000000004,200,2,2,1,0,1.0801841182212737,0.9186191070678008,1.0649682905145126,1.1810371592876108,1.077575319588595
0,0.30000000000000004,200,2,4,0,0,1.0544294542508388,0.9052946683385682,1.049382883539915,1.1413527183253775,1.03425205479983
0,0.30000000000000004,200,2,4,1,0,1.0571213221640108,0.9164515271521535,1.0537389033006082,1.1402359210924167,1.0385102847652121
0,0.30000000000000004,200,2,6,0,0,1.0164460422420396,0.9383665896169903,1.0370385749399498,1.112201548045063,1.0112319715296236
0,0.30000000000000004,200,2,6,1,0,1.0185243258617935,0.9135695036809522,1.0329460112253035,1.1085808509041688,0.9996415918162016
0,0.30000000000000004,200,2,8,0,0,0.9908608178517916,0.9143321412975334,1.028963326611394,1.08910458236061,0.9753650446840225
0,0.30000000000000004,200,2,8,1,0,0.991382639730318,0.8998487157342836,1.0389503058037677,1.0904973315716198,0.9723726412296277
0,0.30000000000000004,250,0,2,0,0,1.0774185701161307,0.9222258045088689,1.0573179098760226,1.146116711838517,1.055672361602828
0,0.30000000000000004,250,0,2,1,0,1.0985753699983045,0.9083386490893317,1.0472710886752359,1.1729728007878732,1.0724972868968614
0,0.30000000000000004,250,0,4,0,0,1.062943331501036,0.9187288453938328,1.0666811878627676,1.1327596006686098,1.0430434091010061
0,0.30000000000000004,250,0,4,1,0,1.056276562767882,0.9252226097904331,1.0525110383889502,1.127714981248183,1.0451785870380195
0,0.30000000000000004,250,0,6,0,0,1.008697856938881,0.9073435284193645,1.0375368619317134,1.0860530408952391,1.0022588978687532
0,0.30000000000000004,250,0,6,1,0,1.0003060058871864,0.9174980605107598,1.036080836227938,1.109084719437645,0.9942494796557986
0,0.30000000000000004,250,0,8,0,0,0.9819150120521809,0.8999835634224672,1.0488377630371246,1.0575869147408736,0.9750451500788462
0,0.30000000000000004,250,0,8,1,0,0.9824200476129268,0.9068908918608878,1.0313355136786564,1.0761673190411283,0.9797107745682392
0,0.30000000000000004,250,1,2,0,0,1.0954225006327745,0.9217472597645996,1.0644147700552247,1.1697973874978527,1.0793057256928296
0,0.30000000000000004,250,1,2,1,0,1.0826079193294098,0.9139466604653548,1.0616978814916385,1.1616581657534433,1.0841317307737541
0,0.30000000000000004,250,1,4,0,0,1.0588376064343858,0.9198391173822225,1.0640493400869007,1.1429387981678782,1.0503247930453876
0,0.30000000000000004,250,1,4,1,0,1.0463402137589335,0.9265084393305997,1.046394513616682,1.132250447335892,1.0285166817381557
0,0.30000000000000004,250,1,6,0,0,1.0316404873166456,0.9212008961709881,1.036392166438745,1.0854179478760064,0.9944335367379958
0,0.30000000000000004,250,1,6,1,0,1.0200921480160439,0.9157280765003756,1.0443456665699502,1.115530120212524,1.004951131122304
0,0.30000000000000004,250,1,8,0,0,0.99454999842266,0.913033116954629,1.0280453114485166,1.0743272115973133,0.967960771999057
0,0.30000000000000004,250,1,8,1,0,0.993655623899762,0.9259415231447902,1.0337740766794696,1.0743380099034747,0.9522498741626776
0,0.30000000000000004,250,2,2,0,0,1.0907118975655274,0.9181100557517864,1.051988071385698,1.193959051523423,1.0683024311885938
0,0.30000000000000004,250,2,2,1,0,1.100635820069084,0.9247846423311451,1.0577742428822605,1.1846476731176219,1.0636512975514234
0,0.30000000000000004,250,2,4,0,0,1.0593673490254258,0.925305015149374,1.0549081098342172,1.165323705539812,1.0313900531690332
0,0.30000000000000004,250,2,4,1,0,1.0639131357934646,0.9303473321945207,1.0613928611209535,1.1508972185093682,1.052627492414494
0,0.30000000000000004,250,2,6,0,0,1.0178363970581477,0.90789781390419,1.0401446521945896,1.1049637233945884,1.0045997665237616
0,0.30000000000000004,250,2,6,1,0,1.0227339345657855,0.9209985124228234,1.047427261468034,1.0896321274998235,1.0163529039835228
0,0.30000000000000004,250,2,8,0,0,0.992471828990992,0.9194359847677159,1.0412648232256652,1.0874416888011038,0.9780463877169289
0,0.30000000000000004,250,2,8,1,0,0.9934896820798759,0.9167189670028465,1.027928421642209,1.0742242171342409,0.9747120103907898
0,0.30000000000000004,300,0,2,0,0,1.0961596278159695,0.9021285263079395,1.061691589166893,1.1658133490877096,1.0621520133689155
0,0.30000000000000004,300,0,2,1,0,1.0756229254676777,0.9097623978632107,1.0530143295519128,1.1549370967894679,1.064771275361412
0,0.30000000000000004,300,0,4,0,0,1.0409219079729726,0.915885371540858,1.0707784592177954,1.1342608470971411,1.0205112647142192
0,0.30000000000000004,300,0,4,1,0,1.04473418555446,0.9156775498497799,1.0560686572900453,1.1052165587081817,1.0218271160093697
0,0.30000000000000004,300,0,6,0,0,1.0166904433531956,0.921282143825946,1.0389464138043583,1.0961375064386074,1.0029050922729683
0,0.30000000000000004,300,0,6,1,0,1.0182473850658904,0.9169147440140071,1.0338372286733584,1.095378872598058,0.9999263016556439
0,0.30000000000000004,300,0,8,0,0,0.9983940194281203,0.9281655156533659,1.044590911524309,1.0744974119543127,0.950874011505876
0,0.30000000000000004,300,0,8,1,0,0.9962885872275515,0.9128631916997995,1.050681416185579,1.0718434338098095,0.9648826440759559
0,0.30000000000000004,300,1,2,0,0,1.0839552869127496,0.9278654453051557,1.0624934491513465,1.1909156375912766,1.0707476400945277
0,0.30000000000000004,300,1,2,1,0,1.077080110265657,0.9005770214473557,1.0678661287783624,1.1679935764143545,1.0595626132310016
0,0.30000000000000004,300,1,4,0,0,1.0644737988083595,0.9151224533155136,1.0562154098831853,1.1464597208497795,1.0327068958348558
0,0.30000000000000004,300,1,4,1,0,1.0569955767640768,0.9276808716070023,1.0740656520798866,1.1324998583177626,1.0433558876119664
0,0.30000000000000004,300,1,6,0,0,1.021010999916478,0.9142560444614595,1.0294381217100588,1.0810673597776763,0.9974625453326295
0,0.30000000000000004,300,1,6,1,0,1.0205176744261595,0.9180042886065283,1.0439178947081977,1.0918307391249749,1.0015436585038988
0,0.30000000000000004,300,1,8,0,0,0.9869619613830363,0.914848908096145,1.0245954878804944,1.0939275736033172,0.9691608790117461
0,0.30000000000000004,300,1,8,1,0,1.010312016841022,0.924888286303831,1.0328324190819902,1.0914350734689287,0.9580775001584643
0,0.30000000000000004,300,2,2,0,0,1.0839316016771725,0.9362353331329895,1.0582062232295035,1.1916176710440813,1.0749476558147153
