wgt_fx,wgt_fx_theta,ml_theta1,alg,0,1,2,3,4
0,0.5,0.00010103955414595392,1,0.004635194782887079,0.004617023779458926,0.004591177676217807,0.004764078421328206,0.004726669665312809
0,0.5,0.00011068652040230899,1,0.004654287187230001,0.004637266687652118,0.004611510305196292,0.004784767569098428,0.004747404385438882
0,0.5,0.00012125455127279349,1,0.004676260182678649,0.004659499800291095,0.004633839899161726,0.004807488175953557,0.004770195601846741
0,0.5,0.00013283158735975404,1,0.004700360801870822,0.004683924393714409,0.004658368155678686,0.004832445323744266,0.004795231621234759
0,0.5,0.0001455139655815204,1,0.004727067646518189,0.0047107631794090395,0.004685318274608245,0.004859877449910521,0.004822739871857318
0,0.5,0.0001594072208285256,1,0.004756417380330776,0.004740263006587684,0.0047149374362056235,0.004890027975272839,0.004852972390498797
0,0.5,0.0001746269641592488,1,0.004788681498926172,0.00477269763111086,0.004747499630951637,0.004923154770647178,0.004886208737107763
0,0.5,0.00019129984484378277,1,0.004824161576703784,0.004808370896369524,0.004783308845327427,0.004959447907548031,0.0049227590020074945
0,0.5,0.00020956460426055652,1,0.0048631916845650715,0.004847513957093455,0.004822558367532228,0.004999352553136056,0.004962967756789679
0,0.5,0.0002295732304160882,1,0.00490614354464717,0.004890477944356538,0.0048657855381122935,0.005043283364805555,0.005007218127227596
0,0.5,0.0002514922226949661,1,0.0049534307195728275,0.004937781437623781,0.004913376260753336,0.005091645259231589,0.005055936656897987
0,0.5,0.00027550397736452316,1,0.005005514262871322,0.0049898862627036225,0.004965794440650333,0.005144908659083647,0.005109598786520445
0,0.5,0.000301808305363516,1,0.005062908335487296,0.005047307842986257,0.005023557735806301,0.005203598376081463,0.00516842062921711
0,0.5,0.000330624095004905,1,0.005126187656218664,0.005110622218209378,0.005087244581954084,0.005268300699458818,0.005233349249028021
0,0.5,0.0003621911334287179,1,0.005195920842097651,0.005180474113773435,0.005157502266881829,0.0053396715404571944,0.005304970606370142
0,0.5,0.00039677210196199754,1,0.005273076242577519,0.005257586237020068,0.005235056230119704,0.005418445809551285,0.005384022447104296
0,0.5,0.0004346547619899836,1,0.005358302073146124,0.005342770008958249,0.005320720795903189,0.005505448235159693,0.005471332710374176
0,0.5,0.00047615434952799266,1,0.005452509695476045,0.005436937978102232,0.005415411585370222,0.005601605870743086,0.005567832092472978
0,0.5,0.0005216161984201394,1,0.005556725659349688,0.005541118208566018,0.005520159899262742,0.005707962582627612,0.00567456860104335
0,0.5,0.0005714186139935339,1,0.005672108337248221,0.005656470988769826,0.005636129416410552,0.005825695865039478,0.005792724447851669
0,0.5,0.0006259760210807222,1,0.005799967274910456,0.00578430827176603,0.005764635617680514,0.005956136393403367,0.005923635693279905
0,0.5,0.0006857424126062628,1,0.00594178574280311,0.005926116335335283,0.00590716842191834,0.006100790803988273,0.006068815133109714
0,0.5,0.0007512151274344392,1,0.006099247064886491,0.00608358224209589,0.006065418612140093,0.00626136827992938,0.006229979010597924
0,0.5,0.0008229389889150147,1,0.006274265410263827,0.006258624789853787,0.006241308739776671,0.006439811633450491,0.006409078247211705
0,0.5,0.000901510838565442,1,0.006469021863772086,0.006453430773827358,0.006437029325651322,0.006638333705277243,0.006608335017243547
0,0.5,0.0009875845026160216,1,0.006686006747505137,0.006670497539439695,0.0066550813327884845,0.00685946005898597,0.006830285649101856
0,0.5,0.001081876232746518,1,0.006928069351690338,0.006912682992152982,0.006898326073161026,0.007106079135433212,0.007077831024456008
0,0.5,0.001185170666288673,1,0.007198476456301904,0.007183264455404618,0.0071700439341352605,0.007381501256519502,0.007354295871700546
0,0.5,0.0012983273554917252,1,0.007500981291523751,0.0074860080363834906,0.0074740035779265555,0.0076895281356280905,0.007663498619699652
0,0.5,0.0014222879201834385,1,0.007839904904348488,0.007825250480898266,0.007814543587535333,0.008034534872860375,0.008009833800242772
0,0.5,0.001558083883346648,1,0.008220232280620724,0.008205995883421227,0.00819666891583038,0.008421566797118798,0.008398369373593922
0,0.5,0.0017068452548141377,1,0.008647726029181362,0.008634030079112238,0.008626164953198345,0.008856453976699265,0.00883496181355237
0,0.5,0.001869809934510036,1,0.009129060982408671,0.009116056096316914,0.009109732578496428,0.009345946770383477,0.009326392341675233
0,0.5,0.0020483340134856767,1,0.009671983723331539,0.009659854708773879,0.009655148215931917,0.009897876450098013,0.009880528362869985
0,0.5,0.002243903058468759,1,0.010285501835139243,0.010274474918251444,0.010271453708541888,0.010521345715659628,0.010506514948190016
0,0.5,0.0024581444738288336,1,0.010980108610154199,0.01097046014658223,0.010969181763061846,0.011226954867897392,0.011215002161439638
0,0.5,0.002692841043827723,1,0.011768050083147805,0.011760117052288082,0.011760623852223408,0.01202707053965142,0.012018415165400342
0,0.5,0.0029499457678450972,1,0.012663642605424815,0.012657835248628463,0.012660148816182635,0.012936145242125649,0.012931275408658013
0,0.5,0.0032315981120287504,1,0.013683650795959195,0.013680467831880665,0.013684582029565977,0.013971097611601055,0.0139705828301607
0,0.5,0.0035401418126057437,1,0.014847737647514786,0.014847784584856357,0.014853656948173023,0.015151765192321389,0.015156270979780161
0,0.5,0.003878144379002528,1,0.016179000893290444,0.01618301206572395,0.016190553184050226,0.016501443929899523,0.01651174930408468
0,0.5,0.004248418459066931,1,0.01666666666666667,0.016666666666666666,0.016666666666666666,0.016949152542372878,0.016949152542372878
0,0.5,0.0046540452441801335,1,0.01666666666666667,0.016666666666666666,0.016666666666666666,0.016949152542372878,0.016949152542372878
0,0.5,0.005098400109021483,1,0.01666666666666667,0.016666666666666666,0.016666666666666666,0.016949152542372878,0.016949152542372878
0,0.5,0.005585180699344355,1,0.01666666666666667,0.016666666666666666,0.016666666666666666,0.016949152542372878,0.016949152542372878
0,0.5,0.006118437701492144,1,0.01666666666666667,0.016666666666666666,0.016666666666666666,0.016949152542372878,0.016949152542372878
0,0.5,0.006702608549699208,1,0.01666666666666667,0.016666666666666666,0.016666666666666666,0.016949152542372878,0.016949152542372878
0,0.5,0.007342554351668034,1,0.01666666666666667,0.016666666666666666,0.016666666666666666,0.016949152542372878,0.016949152542372878
0,0.5,0.00804360033969441,1,0.01666666666666667,0.016666666666666666,0.016666666666666666,0.016949152542372878,0.016949152542372878
0,0.5,0.008811580183949744,1,0.01666666666666667,0.016666666666666666,0.016666666666666666,0.016949152542372878,0.016949152542372878
0,0.5,0.00965288453666827,1,0.01666666666666667,0.016666666666666666,0.016666666666666666,0.016949152542372878,0.016949152542372878
0,0.5,0.010574514211193703,1,0.01666666666666667,0.016666666666666666,0.016666666666666666,0.016949152542372878,0.016949152542372878
0,0.5,0.011584138438408465,1,0.01666666666666667,0.016666666666666666,0.016666666666666666,0.016949152542372878,0.016949152542372878
0,0.5,0.012690158685319334,1,0.01666666666666667,0.016666666666666666,0.016666666666666666,0.016949152542372878,0.016949152542372878
0,0.5,0.013901778566858262,1,0.01666666666666667,0.016666666666666666,0.016666666666666666,0.016949152542372878,0.016949152542372878
0,0.5,0.015229080432661005,1,0.01666666666666667,0.016666666666666666,0.016666666666666666,0.016949152542372878,0.016949152542372878
0,0.5,0.016683109266131278,1,0.01666666666666667,0.016666666666666666,0.016666666666666666,0.016949152542372878,0.016949152542372878
0,0.5,0.018275964593946457,1,0.01666666666666667,0.016666666666666666,0.016666666666666666,0.016949152542372878,0.016949152542372878
0,0.5,0.02002090117081873,1,0.01666666666666667,0.016666666666666666,0.016666666666666666,0.016949152542372878,0.016949152542372878
0,0.5,0.021932439277347896,1,0.01666666666666667,0.016666666666666666,0.016666666666666666,0.016949152542372878,0.016949152542372878
0,0.5,0.024026485548796182,1,0.01666666666666667,0.016666666666666666,0.016666666666666666,0.016949152542372878,0.016949152542372878
0,0.5,0.0263204653402472,1,0.01666666666666667,0.016666666666666666,0.016666666666666666,0.016949152542372878,0.016949152542372878
0,0.5,0.02883346772960994,1,0.01666666666666667,0.016666666666666666,0.016666666666666666,0.016949152542372878,0.016949152542372878
0,0.5,0.031586404365092795,1,0.01666666666666667,0.016666666666666666,0.016666666666666666,0.016949152542372878,0.016949152542372878
0,0.5,0.03460218347897795,1,0.01666666666666667,0.016666666666666666,0.016666666666666666,0.016949152542372878,0.016949152542372878
0,0.5,0.037905900515730874,1,0.01666666666666667,0.016666666666666666,0.016666666666666666,0.016949152542372878,0.016949152542372878
0,0.5,0.04152504696073378,1,0.01666666666666667,0.016666666666666666,0.016666666666666666,0.016949152542372878,0.016949152542372878
0,0.5,0.045489739107386525,1,0.01666666666666667,0.016666666666666666,0.016666666666666666,0.016949152542372878,0.016949152542372878
0,0.5,0.049832968666232776,1,0.01666666666666667,0.016666666666666666,0.016666666666666666,0.016949152542372878,0.016949152542372878
0,0.5,0.05459087730152536,1,0.01666666666666667,0.016666666666666666,0.016666666666666666,0.016949152542372878,0.016949152542372878
0,0.5,0.05980305737975391,1,0.01666666666666667,0.016666666666666666,0.016666666666666666,0.016949152542372878,0.016949152542372878
0,0.5,0.06551288143277754,1,0.01666666666666667,0.016666666666666666,0.016666666666666666,0.016949152542372878,0.016949152542372878
0,0.5,0.07176786307715076,1,0.01666666666666667,0.016666666666666666,0.016666666666666666,0.016949152542372878,0.016949152542372878
0,0.5,0.07862005239298919,1,0.01666666666666667,0.016666666666666666,0.016666666666666666,0.016949152542372878,0.016949152542372878
0,0.5,0.0861264690524733,1,0.01666666666666667,0.016666666666666666,0.016666666666666666,0.016949152542372878,0.016949152542372878
0,0.5,0.09434957680221677,1,0.01666666666666667,0.016666666666666666,0.016666666666666666,0.016949152542372878,0.016949152542372878
0,0.5,0.10335780324784796,1,0.01666666666666667,0.016666666666666666,0.016666666666666666,0.016949152542372878,0.016949152542372878
0,0.5,0.11322610926612925,1,0.01666666666666667,0.016666666666666666,0.016666666666666666,0.016949152542372878,0.016949152542372878
0,0.5,0.12403661278290928,1,0.01666666666666667,0.016666666666666666,0.016666666666666666,0.016949152542372878,0.016949152542372878
0,0.5,0.1358792721076013,1,0.01666666666666667,0.016666666666666666,0.016666666666666666,0.016949152542372878,0.016949152542372878
0,0.5,0.14885263451047379,1,0.01666666666666667,0.016666666666666666,0.016666666666666666,0.016949152542372878,0.016949152542372878
0,0.5,0.16306465627194947,1,0.01666666666666667,0.016666666666666666,0.016666666666666666,0.016949152542372878,0.016949152542372878
0,0.5,0.1786336010278545,1,0.01666666666666667,0.016666666666666666,0.016666666666666666,0.016949152542372878,0.016949152542372878
0,0.5,0.1956890238860908,1,0.01666666666666667,0.016666666666666666,0.016666666666666666,0.016949152542372878,0.016949152542372878
0,0.5,0.21437284950393945,1,0.01666666666666667,0.016666666666666666,0.016666666666666666,0.016949152542372878,0.016949152542372878
0,0.75,0.00010103955414595392,1,0.004618625216977753,0.0046150984856309805,0.004589256493674938,0.0047653483020084495,0.00473387564503097
0,0.75,0.00011068652040230899,1,0.004638148668607942,0.0046347293108175,0.004608946215295206,0.004785282901102147,0.004753993110558027
0,0.75,0.00012125455127279349,1,0.004659585311630269,0.004656181866787174,0.004630440775532873,0.004807188417475738,0.00477610616765021
0,0.75,0.00013283158735975404,1,0.004683127334174511,0.004679712097736284,0.00465410723940454,0.004831246635181631,0.0048003825987296715
0,0.75,0.0001455139655815204,1,0.004708958763518627,0.004705561950599032,0.004680106883604374,0.004857675369574621,0.004826889400711214
0,0.75,0.0001594072208285256,1,0.0047373164129141075,0.0047330901273557055,0.004708677332947104,0.004886715762596647,0.004856009598249142
0,0.75,0.0001746269641592488,1,0.004768564896925984,0.0047642486633056695,0.00474008174597041,0.004918634936459138,0.004888017262864133
0,0.75,0.00019129984484378277,1,0.004802971293451045,0.004798511047981747,0.004774260359202162,0.004953729180135231,0.004923209711202528
0,0.75,0.00020956460426055652,1,0.004840807377215266,0.004836199167182602,0.004812214949588707,0.004991900536073817,0.004961916516979533
0,0.75,0.0002295732304160882,1,0.004882412295895755,0.004877671167401222,0.004853978357482582,0.00503433490973512,0.005004504352155421
0,0.75,0.0002514922226949661,1,0.004928211218722855,0.004923325406561109,0.0048999511846994585,0.005081042996954766,0.00505138064351542
0,0.75,0.00027550397736452316,1,0.004978648929922769,0.004973605513803179,0.00495057988701814,0.0051324772048972804,0.005102999511508947
0,0.75,0.000301808305363516,1,0.005034221554104637,0.005029006779809604,0.005006362165564864,0.005189142107187406,0.005159895416337005
0,0.75,0.000330624095004905,1,0.005095483233447771,0.005090082072209218,0.005067854187310525,0.005251601209899313,0.00522261826017105
0,0.75,0.0003621911334287179,1,0.00516305379760302,0.005157450521040025,0.005135677732277152,0.005320484460729831,0.005291791280090854
0,0.75,0.00039677210196199754,1,0.005237627592153856,0.005231837250348406,0.005210544583280634,0.0053964974083768255,0.005368122668587152
0,0.75,0.0004346547619899836,1,0.005319983661534805,0.005314085399035771,0.005293252196987897,0.005480479147862583,0.005452406710454191
0,0.75,0.00047615434952799266,1,0.005410997518071164,0.005404985395976395,0.005384651587369801,0.005573283810875202,0.005545535699155195
0,0.75,0.0005216161984201394,1,0.005511654771398461,0.005505523157093737,0.005485731694328733,0.00567590393789942,0.005648513730491365
0,0.75,0.0005714186139935339,1,0.005623066943278072,0.005616810714405281,0.005597607704872281,0.005789467696489511,0.00576247270077846
0,0.75,0.0006259760210807222,1,0.005746489853346086,0.005740104656202946,0.00572153947424913,0.005915249184843981,0.005888690897578821
0,0.75,0.0006857424126062628,1,0.005883345033531229,0.005876827608093252,0.005858952979813751,0.0060546900108140985,0.006028614643612322
0,0.75,0.0007512151274344392,1,0.006035244715049659,0.006028593301368623,0.006011465352051682,0.0062094244609442835,0.006183883541082564
0,0.75,0.0008229389889150147,1,0.006204021034781451,0.006197235878602203,0.00618091413017106,0.00638130890836376,0.006356359967066515
0,0.75,0.000901510838565442,1,0.00639176023075054,0.006384844209906828,0.006369391512673873,0.006572456231528171,0.0065481635941376055
0,0.75,0.0009875845026160216,1,0.00660084274332047,0.006593802140947366,0.006579284520315399,0.006785276163001098,0.0067617118579916275
0,0.75,0.001081876232746518,1,0.006833990314317717,0.006826835770306352,0.006813322164583567,0.007022522663411519,0.006999767470278914
0,0.75,0.001185170666288673,1,0.0070943213862831,0.007087069064886769,0.007074630924962692,0.007287349626111342,0.00726549428581644
0,0.75,0.0012983273554917252,1,0.007385416355238082,0.007378089374537879,0.007366800089601976,0.007583376469705583,0.007562523085698273
0,0.75,0.0014222879201834385,1,0.007711394530902292,0.007704024709220292,0.007693958814757622,0.007914765476711685,0.00789502913973855
0,0.75,0.001558083883346648,1,0.008077005018000839,0.008069635003628112,0.008060867118314672,0.008286313096927764,0.008267823772999526
0,0.75,0.0017068452548141377,1,0.008487734162898202,0.008480420027065056,0.0084730234535687,0.008703557865408816,0.008686462593666518
0,0.75,0.001869809934510036,1,0.008949932725369697,0.008942747114685701,0.008936792025348578,0.009172908101364749,0.00915737355737008
0,0.75,0.0020483340134856767,1,0.009470966552762219,0.009464002516944698,0.00945955362838759,0.009701793172715075,0.009688008663181223
0,0.75,0.002243903058468759,1,0.010059395273360415,0.010052770907612701,0.0100498845278709,0.010298842851745892,0.010287023819255468
0,0.75,0.0024581444738288336,1,0.010725184411761629,0.010719048481450827,0.010717768788615026,0.010974100174643269,0.010964492305873144
0,0.75,0.002692841043827723,1,0.011479957390620315,0.011474496139891245,0.011474850521532685,0.01173927428080869,0.011732158329678817
0,0.75,0.0029499457678450972,1,0.012337295155215377,0.012332740542006554,0.012334733788889773,0.012608040981802739,0.012603738440366987
0,0.75,0.0032315981120287504,1,0.013313092681867632,0.01330973233083945,0.013313339435337258,0.013596400336510656,0.013595280112005236
0,0.75,0.0035401418126057437,1,0.01442598345860821,0.01442417268240137,0.014429329940148061,0.014723102339057922,0.014725588626148351
0,0.75,0.003878144379002528,1,0.015697845217043656,0.01569802152703511,0.01570461557791015,0.016010154019568436,0.016016735593486986
0,0.75,0.004248418459066931,1,0.01666666666666667,0.016666666666666666,0.016666666666666666,0.016949152542372878,0.016949152542372878
0,0.75,0.0046540452441801335,1,0.01666666666666667,0.016666666666666666,0.016666666666666666,0.016949152542372878,0.016949152542372878
0,0.75,0.005098400109021483,1,0.01666666666666667,0.016666666666666666,0.016666666666666666,0.016949152542372878,0.016949152542372878
0,0.75,0.005585180699344355,1,0.01666666666666667,0.016666666666666666,0.016666666666666666,0.016949152542372878,0.016949152542372878
0,0.75,0.006118437701492144,1,0.01666666666666667,0.016666666666666666,0.016666666666666666,0.016949152542372878,0.016949152542372878
0,0.75,0.006702608549699208,1,0.01666666666666667,0.016666666666666666,0.016666666666666666,0.016949152542372878,0.016949152542372878
0,0.75,0.007342554351668034,1,0.01666666666666667,0.016666666666666666,0.016666666666666666,0.016949152542372878,0.016949152542372878
0,0.75,0.00804360033969441,1,0.01666666666666667,0.016666666666666666,0.016666666666666666,0.016949152542372878,0.016949152542372878
0,0.75,0.008811580183949744,1,0.01666666666666667,0.016666666666666666,0.016666666666666666,0.016949152542372878,0.016949152542372878
0,0.75,0.00965288453666827,1,0.01666666666666667,0.016666666666666666,0.016666666666666666,0.016949152542372878,0.016949152542372878
0,0.75,0.010574514211193703,1,0.01666666666666667,0.016666666666666666,0.016666666666666666,0.016949152542372878,0.016949152542372878
0,0.75,0.011584138438408465,1,0.01666666666666667,0.016666666666666666,0.016666666666666666,0.016949152542372878,0.016949152542372878
0,0.75,0.012690158685319334,1,0.01666666666666667,0.016666666666666666,0.016666666666666666,0.016949152542372878,0.016949152542372878
0,0.75,0.013901778566858262,1,0.01666666666666667,0.016666666666666666,0.016666666666666666,0.016949152542372878,0.016949152542372878
0,0.75,0.015229080432661005,1,0.01666666666666667,0.016666666666666666,0.016666666666666666,0.016949152542372878,0.016949152542372878
0,0.75,0.016683109266131278,1,0.01666666666666667,0.016666666666666666,0.016666666666666666,0.016949152542372878,0.016949152542372878
0,0.75,0.018275964593946457,1,0.01666666666666667,0.016666666666666666,0.016666666666666666,0.016949152542372878,0.016949152542372878
0,0.75,0.02002090117081873,1,0.01666666666666667,0.016666666666666666,0.016666666666666666,0.016949152542372878,0.016949152542372878
0,0.75,0.021932439277347896,1,0.01666666666666667,0.016666666666666666,0.016666666666666666,0.016949152542372878,0.016949152542372878
0,0.75,0.024026485548796182,1,0.01666666666666667,0.016666666666666666,0.016666666666666666,0.016949152542372878,0.016949152542372878
0,0.75,0.0263204653402472,1,0.01666666666666667,0.016666666666666666,0.016666666666666666,0.016949152542372878,0.016949152542372878
0,0.75,0.02883346772960994,1,0.01666666666666667,0.016666666666666666,0.016666666666666666,0.016949152542372878,0.016949152542372878
0,0.75,0.031586404365092795,1,0.01666666666666667,0.016666666666666666,0.016666666666666666,0.016949152542372878,0.016949152542372878
0,0.75,0.03460218347897795,1,0.01666666666666667,0.016666666666666666,0.016666666666666666,0.016949152542372878,0.016949152542372878
0,0.75,0.037905900515730874,1,0.01666666666666667,0.016666666666666666,0.016666666666666666,0.016949152542372878,0.016949152542372878
0,0.75,0.04152504696073378,1,0.01666666666666667,0.016666666666666666,0.016666666666666666,0.016949152542372878,0.016949152542372878
0,0.75,0.045489739107386525,1,0.01666666666666667,0.016666666666666666,0.016666666666666666,0.016949152542372878,0.016949152542372878
0,0.75,0.049832968666232776,1,0.01666666666666667,0.016666666666666666,0.016666666666666666,0.016949152542372878,0.016949152542372878
0,0.75,0.05459087730152536,1,0.01666666666666667,0.016666666666666666,0.016666666666666666,0.016949152542372878,0.016949152542372878
0,0.75,0.05980305737975391,1,0.01666666666666667,0.016666666666666666,0.016666666666666666,0.016949152542372878,0.016949152542372878
0,0.75,0.06551288143277754,1,0.01666666666666667,0.016666666666666666,0.016666666666666666,0.016949152542372878,0.016949152542372878
0,0.75,0.07176786307715076,1,0.01666666666666667,0.016666666666666666,0.016666666666666666,0.016949152542372878,0.016949152542372878
0,0.75,0.07862005239298919,1,0.01666666666666667,0.016666666666666666,0.016666666666666666,0.016949152542372878,0.016949152542372878
0,0.75,0.0861264690524733,1,0.01666666666666667,0.016666666666666666,0.016666666666666666,0.016949152542372878,0.016949152542372878
0,0.75,0.09434957680221677,1,0.01666666666666667,0.016666666666666666,0.016666666666666666,0.016949152542372878,0.016949152542372878
0,0.75,0.10335780324784796,1,0.01666666666666667,0.016666666666666666,0.016666666666666666,0.016949152542372878,0.016949152542372878
0,0.75,0.11322610926612925,1,0.01666666666666667,0.016666666666666666,0.016666666666666666,0.016949152542372878,0.016949152542372878
0,0.75,0.12403661278290928,1,0.01666666666666667,0.016666666666666666,0.016666666666666666,0.016949152542372878,0.016949152542372878
0,0.75,0.1358792721076013,1,0.01666666666666667,0.016666666666666666,0.016666666666666666,0.016949152542372878,0.016949152542372878
0,0.75,0.14885263451047379,1,0.01666666666666667,0.016666666666666666,0.016666666666666666,0.016949152542372878,0.016949152542372878
0,0.75,0.16306465627194947,1,0.01666666666666667,0.016666666666666666,0.016666666666666666,0.016949152542372878,0.016949152542372878
0,0.75,0.1786336010278545,1,0.01666666666666667,0.016666666666666666,0.016666666666666666,0.016949152542372878,0.016949152542372878
0,0.75,0.1956890238860908,1,0.01666666666666667,0.016666666666666666,0.016666666666666666,0.016949152542372878,0.016949152542372878
0,0.75,0.21437284950393945,1,0.01666666666666667,0.016666666666666666,0.016666666666666666,0.016949152542372878,0.016949152542372878
0,1.0,0.00010103955414595392,1,0.004610093960744408,0.004619516251830487,0.004589926167496656,0.0047683517001519534,0.004740887909857724
0,1.0,0.00011068652040230899,1,0.004629221996947025,0.0046386062124525625,0.004609129326967385,0.004787870256941085,0.004760481617478605
0,1.0,0.00012125455127279349,1,0.0046502260687061635,0.0046595671035902135,0.004630214839605385,0.004809301351991915,0.004781995422926661
0,1.0,0.00013283158735975404,1,0.004673295248630422,0.004682587278837941,0.004653372303986134,0.0048328374906909536,0.004805622566823022
0,1.0,0.0001455139655815204,1,0.004698638579768388,0.004707875462523018,0.004678811453577827,0.004858691519596042,0.004831576692622244
0,1.0,0.0001594072208285256,1,0.004726487491239118,0.004735662292655177,0.0047067643496070104,0.004887099008568355,0.0048600942535932095
0,1.0,0.0001746269641592488,1,0.004757098346622944,0.0047662036380648354,0.004737488168325556,0.0049183208964122364,0.0048914371243356835
0,1.0,0.00019129984484378277,1,0.004790755395926837,0.004799782952253747,0.00477126795906716,0.00495264641452311,0.00492589560994359
0,1.0,0.00020956460426055652,1,0.004827774192205263,0.004836715092946237,0.004808420206324726,0.004990396519160268,0.0049637918348543475
0,1.0,0.0002295732304160882,1,0.00486850528150036,0.004877349853563658,0.004849296459441127,0.005031927841457457,0.005005483637498782
0,1.0,0.0002514922226949661,1,0.004913338655844671,0.004922076439760557,0.004894287808958676,0.005077636855465379,0.005051368933034582
0,1.0,0.00027550397736452316,1,0.004962708594968749,0.004971328263072573,0.004943829758308391,0.005127965096309636,0.0051018907483581025
0,1.0,0.000301808305363516,1,0.005017099449122376,0.005025588663432234,0.004998407945883399,0.005183404726392294,0.005157542914384538
0,1.0,0.000330624095004905,1,0.005077051971864648,0.005085397561571376,0.005058564639851881,0.005244505155596477,0.005218876686046936
0,1.0,0.0003621911334287179,1,0.005143170872021916,0.005151358565739294,0.0051249060579718056,0.005311880526599648,0.005286508208845766
0,1.0,0.00039677210196199754,1,0.005216296245901958,0.005224147782273618,0.005198111168359714,0.005386218382515146,0.005361127211559244
0,1.0,0.0004346547619899836,1,0.005296872990903031,0.005304523604786689,0.005278941300780199,0.00546828952961455,0.0054435069822920705
0,1.0,0.00047615434952799266,1,0.005385906945416295,0.0053933381190527895,0.005368251880872855,0.005558959618024377,0.005534402766559843
0,1.0,0.0005216161984201394,1,0.005484358481500683,0.005491550418610229,0.005467005275865372,0.005659202446271356,0.0056350103940567935
0,1.0,0.0005714186139935339,1,0.005593310198944506,0.005600241596741975,0.005576286415011247,0.005770115349739003,0.00574632401841286
0,1.0,0.0006259760210807222,1,0.00571396905098658,0.005719603237086467,0.005696952260822523,0.005892622895419012,0.005869585948297277
0,1.0,0.0006857424126062628,1,0.00584773187234256,0.005852991760842191,0.005831099142807137,0.006028733118333217,0.006006209054771608
0,1.0,0.0007512151274344392,1,0.005996167330647164,0.006001021146788186,0.005979967402678045,0.006179751905024354,0.006157781040901817
0,1.0,0.0008229389889150147,1,0.0061610567298942655,0.006165582428939993,0.006145356461877471,0.0063474913647085275,0.006326106425882505
0,1.0,0.000901510838565442,1,0.0063444275551000065,0.006348602953774674,0.006329272985946956,0.006533982734279238,0.0065132412843586585
0,1.0,0.0009875845026160216,1,0.006548592203744232,0.006552393501124622,0.006534033434475398,0.006741563909799616,0.006721529332744171
0,1.0,0.001081876232746518,1,0.006776193461603569,0.00677959651394904,0.0067622849764528105,0.006972905544849161,0.006953647665570953
0,1.0,0.001185170666288673,1,0.007030257976409894,0.007033238650491737,0.007017058981235341,0.007231064737321504,0.0072126605145228125
0,1.0,0.0012983273554917252,1,0.007314259224384601,0.0073167938617894985,0.0073018340013673985,0.007519548226833741,0.007502082527575153
0,1.0,0.0014222879201834385,1,0.00763219175378202,0.007634257772238322,0.007620610030762144,0.007842386888050576,0.007825953354970239
0,1.0,0.001558083883346648,1,0.007988658835536514,0.007990235498890781,0.007977996167536276,0.00820422365119568,0.008188925674966234
0,1.0,0.0017068452548141377,1,0.00838897606523692,0.008390045460438441,0.008379314224719105,0.0086104173951379,0.008596369206698339
0,1.0,0.001869809934510036,1,0.008839293956486163,0.008839842224051757,0.008830721327640368,0.009067165854234772,0.009054493753620291
0,1.0,0.0020483340134856767,1,0.009346743159480432,0.009346762033692446,0.009339355130273152,0.00958165117381904,0.009570494915096097
0,1.0,0.002243903058468759,1,0.009919606649836082,0.009919095376710095,0.009913505993632412,0.010162212460290974,0.01015272681526071
0,1.0,0.0024581444738288336,1,0.010567524084664576,0.010566491799914191,0.010562821320849923,0.010818550523579641,0.010810907050629131
0,1.0,0.002692841043827723,1,0.011301734543665152,0.011300203209977912,0.011298548263771043,0.011561971030266974,0.011556360079128934
0,1.0,0.0029499457678450972,1,0.012135365096187782,0.012133373119690696,0.012133822238437822,0.012405673508525204,0.012402306496879562
0,1.0,0.0032315981120287504,1,0.013083774101136503,0.013081380771675555,0.013084010151938523,0.01336509511150508,0.01336420711546936
0,1.0,0.0035401418126057437,1,0.014164959903610967,0.014162250833238549,0.014167118999160058,0.014458319802277532,0.014460172510067077
0,1.0,0.003878144379002528,1,0.015400047698356605,0.015397141468225666,0.015404282592978264,0.015706565728879726,0.015711450815487752
0,1.0,0.004248418459066931,1,0.01666666666666667,0.016666666666666666,0.016666666666666666,0.016949152542372878,0.016949152542372878
0,1.0,0.0046540452441801335,1,0.01666666666666667,0.016666666666666666,0.016666666666666666,0.016949152542372878,0.016949152542372878
0,1.0,0.005098400109021483,1,0.01666666666666667,0.016666666666666666,0.016666666666666666,0.016949152542372878,0.016949152542372878
0,1.0,0.005585180699344355,1,0.01666666666666667,0.016666666666666666,0.016666666666666666,0.016949152542372878,0.016949152542372878
0,1.0,0.006118437701492144,1,0.01666666666666667,0.016666666666666666,0.016666666666666666,0.016949152542372878,0.016949152542372878
0,1.0,0.006702608549699208,1,0.01666666666666667,0.016666666666666666,0.016666666666666666,0.016949152542372878,0.016949152542372878
0,1.0,0.007342554351668034,1,0.01666666666666667,0.016666666666666666,0.016666666666666666,0.016949152542372878,0.016949152542372878
0,1.0,0.00804360033969441,1,0.01666666666666667,0.016666666666666666,0.016666666666666666,0.016949152542372878,0.016949152542372878
0,1.0,0.008811580183949744,1,0.01666666666666667,0.016666666666666666,0.016666666666666666,0.016949152542372878,0.016949152542372878
0,1.0,0.00965288453666827,1,0.01666666666666667,0.016666666666666666,0.016666666666666666,0.016949152542372878,0.016949152542372878
0,1.0,0.010574514211193703,1,0.01666666666666667,0.016666666666666666,0.016666666666666666,0.016949152542372878,0.016949152542372878
0,1.0,0.011584138438408465,1,0.01666666666666667,0.016666666666666666,0.016666666666666666,0.016949152542372878,0.016949152542372878
0,1.0,0.012690158685319334,1,0.01666666666666667,0.016666666666666666,0.016666666666666666,0.016949152542372878,0.016949152542372878
0,1.0,0.013901778566858262,1,0.01666666666666667,0.016666666666666666,0.016666666666666666,0.016949152542372878,0.016949152542372878
0,1.0,0.015229080432661005,1,0.01666666666666667,0.016666666666666666,0.016666666666666666,0.016949152542372878,0.016949152542372878
0,1.0,0.016683109266131278,1,0.01666666666666667,0.016666666666666666,0.016666666666666666,0.016949152542372878,0.016949152542372878
0,1.0,0.018275964593946457,1,0.01666666666666667,0.016666666666666666,0.016666666666666666,0.016949152542372878,0.016949152542372878
0,1.0,0.02002090117081873,1,0.01666666666666667,0.016666666666666666,0.016666666666666666,0.016949152542372878,0.016949152542372878
0,1.0,0.021932439277347896,1,0.01666666666666667,0.016666666666666666,0.016666666666666666,0.016949152542372878,0.016949152542372878
0,1.0,0.024026485548796182,1,0.01666666666666667,0.016666666666666666,0.016666666666666666,0.016949152542372878,0.016949152542372878
0,1.0,0.0263204653402472,1,0.01666666666666667,0.016666666666666666,0.016666666666666666,0.016949152542372878,0.016949152542372878
0,1.0,0.02883346772960994,1,0.01666666666666667,0.016666666666666666,0.016666666666666666,0.016949152542372878,0.016949152542372878
0,1.0,0.031586404365092795,1,0.01666666666666667,0.016666666666666666,0.016666666666666666,0.016949152542372878,0.016949152542372878
0,1.0,0.03460218347897795,1,0.01666666666666667,0.016666666666666666,0.016666666666666666,0.016949152542372878,0.016949152542372878
0,1.0,0.037905900515730874,1,0.01666666666666667,0.016666666666666666,0.016666666666666666,0.016949152542372878,0.016949152542372878
0,1.0,0.04152504696073378,1,0.01666666666666667,0.016666666666666666,0.016666666666666666,0.016949152542372878,0.016949152542372878
0,1.0,0.045489739107386525,1,0.01666666666666667,0.016666666666666666,0.016666666666666666,0.016949152542372878,0.016949152542372878
0,1.0,0.049832968666232776,1,0.01666666666666667,0.016666666666666666,0.016666666666666666,0.016949152542372878,0.016949152542372878
0,1.0,0.05459087730152536,1,0.01666666666666667,0.016666666666666666,0.016666666666666666,0.016949152542372878,0.016949152542372878
0,1.0,0.05980305737975391,1,0.01666666666666667,0.016666666666666666,0.016666666666666666,0.016949152542372878,0.016949152542372878
0,1.0,0.06551288143277754,1,0.01666666666666667,0.016666666666666666,0.016666666666666666,0.016949152542372878,0.016949152542372878
0,1.0,0.07176786307715076,1,0.01666666666666667,0.016666666666666666,0.016666666666666666,0.016949152542372878,0.016949152542372878
0,1.0,0.07862005239298919,1,0.01666666666666667,0.016666666666666666,0.016666666666666666,0.016949152542372878,0.016949152542372878
0,1.0,0.0861264690524733,1,0.01666666666666667,0.016666666666666666,0.016666666666666666,0.016949152542372878,0.016949152542372878
0,1.0,0.09434957680221677,1,0.01666666666666667,0.016666666666666666,0.016666666666666666,0.016949152542372878,0.016949152542372878
0,1.0,0.10335780324784796,1,0.01666666666666667,0.016666666666666666,0.016666666666666666,0.016949152542372878,0.016949152542372878
0,1.0,0.11322610926612925,1,0.01666666666666667,0.016666666666666666,0.016666666666666666,0.016949152542372878,0.016949152542372878
0,1.0,0.12403661278290928,1,0.01666666666666667,0.016666666666666666,0.016666666666666666,0.016949152542372878,0.016949152542372878
0,1.0,0.1358792721076013,1,0.01666666666666667,0.016666666666666666,0.016666666666666666,0.016949152542372878,0.016949152542372878
0,1.0,0.14885263451047379,1,0.01666666666666667,0.016666666666666666,0.016666666666666666,0.016949152542372878,0.016949152542372878
0,1.0,0.16306465627194947,1,0.01666666666666667,0.016666666666666666,0.016666666666666666,0.016949152542372878,0.016949152542372878
0,1.0,0.1786336010278545,1,0.01666666666666667,0.016666666666666666,0.016666666666666666,0.016949152542372878,0.016949152542372878
0,1.0,0.1956890238860908,1,0.01666666666666667,0.016666666666666666,0.016666666666666666,0.016949152542372878,0.016949152542372878
0,1.0,0.21437284950393945,1,0.01666666666666667,0.016666666666666666,0.016666666666666666,0.016949152542372878,0.016949152542372878
0,1.25,0.00010103955414595392,1,0.004607864111542866,0.004625279159653679,0.0045917893043862885,0.004771226131552755,0.004743962533341706
0,1.25,0.00011068652040230899,1,0.00462677286274568,0.004644124866183443,0.004610753737723101,0.004790501448859284,0.004763319558221066
0,1.25,0.00012125455127279349,1,0.0046475309702438015,0.004664817797955868,0.00463157702722115,0.004811665368530876,0.004784573134227997
0,1.25,0.00013283158735975404,1,0.004670333329567762,0.00468754421351959,0.0046544463377753914,0.004834907892563454,0.004807914018107861
0,1.25,0.0001455139655815204,1,0.004695382513564726,0.004712509794680972,0.004679568636808993,0.004860439097904413,0.004833580913247496
0,1.25,0.0001594072208285256,1,0.004722906991702711,0.004739533928228919,0.004706999972404868,0.0048883862610318365,0.004861755556382608
0,1.25,0.0001746269641592488,1,0.004753159836791484,0.004769632631533686,0.00473731753612416,0.004919203967891034,0.00489272067154005
0,1.25,0.00019129984484378277,1,0.004786421635534102,0.004802725635139895,0.004770650224369455,0.004953084593774181,0.004926762785642059
0,1.25,0.00020956460426055652,1,0.0048230038809740135,0.0048391227757287195,0.0048073100599567,0.004990344693902179,0.0049641997905519155
0,1.25,0.0002295732304160882,1,0.0048632532743969675,0.004879168536598895,0.004847643649087954,0.0050313358489191065,0.005005381703907682
0,1.25,0.0002514922226949661,1,0.004907553867639798,0.004923318965663909,0.004892064293562925,0.005076468133559333,0.005050700940987783
0,1.25,0.00027550397736452316,1,0.004956334132909248,0.004971938137119159,0.004940981052020336,0.005126159352580864,0.005100596822859124
0,1.25,0.000301808305363516,1,0.0050100717896879535,0.005025499734924027,0.004994868038205634,0.005180894667397802,0.005155556270780947
0,1.25,0.000330624095004905,1,0.0050693001749037596,0.005084535750328036,0.0050542597754464425,0.005241215639003018,0.005216122690632092
0,1.25,0.0003621911334287179,1,0.005134615555057735,0.005149640992308677,0.005119753822081835,0.005307727532326686,0.005282903365556484
0,1.25,0.00039677210196199754,1,0.00520668553702036,0.005221481491017356,0.005192019190757702,0.005381107798796581,0.005356577954508772
0,1.25,0.0004346547619899836,1,0.0052862587625270956,0.005300804184888886,0.005271806051919406,0.0054621158490154465,0.005437908282330514
0,1.25,0.00047615434952799266,1,0.005374176105103276,0.005388448110274139,0.005359956940216268,0.005551604334811156,0.005527749640725069
0,1.25,0.0005216161984201394,1,0.005471383628271499,0.005485357352618169,0.005457419722642047,0.005650532200071828,0.005627063859661886
0,1.25,0.0005714186139935339,1,0.0055789476116989796,0.005592596066057861,0.005565262635021574,0.005759979807614215,0.005736934456583143
0,1.25,0.0006259760210807222,1,0.005698072008929401,0.005711365925360072,0.005684691750418556,0.00588116650635285,0.005858584227810105
0,1.25,0.0006857424126062628,1,0.0058301187683162375,0.005843026442165476,0.005817071310983438,0.00601547107103869,0.005993395714552451
0,1.25,0.0007512151274344392,1,0.005976631529889129,0.005989118658706862,0.005963947435839561,0.006164455527977264,0.006142935057068515
0,1.25,0.0008229389889150147,1,0.006139363307728111,0.00615139282912184,0.006127075814404886,0.006329892977000836,0.006308979847391121
0,1.25,0.000901510838565442,1,0.006320308883091306,0.006331840814282208,0.006308454110163231,0.006513800135654744,0.006493551706718703
0,1.25,0.0009875845026160216,1,0.006521742771754152,0.006532734054435269,0.006510359938043965,0.006718475469776742,0.006698954451787807
0,1.25,0.001081876232746518,1,0.006746263794225798,0.006756668149353965,0.006735395443694293,0.006946543939849446,0.006927818879737543
0,1.25,0.001185170666288673,1,0.006996847475047998,0.007006615273469152,0.006986539710366797,0.0072010095900245305,0.007183155398484707
0,1.25,0.0012983273554917252,1,0.007276907733654984,0.007285985890015914,0.007267210455293834,0.007485317442948613,0.007468415965842563
0,1.25,0.0014222879201834385,1,0.007590369611951643,0.007598701511251959,0.007581336759948423,0.007803426446133064,0.007787567083205468
0,1.25,0.001558083883346648,1,0.007941755122055758,0.007949280590513195,0.007933444916694943,0.008159895553798787,0.008145175927777124
0,1.25,0.0017068452548141377,1,0.00833628470258174,0.008342940037310533,0.00832875987904041,0.008559985432919212,0.008546512112069015
0,1.25,0.001869809934510036,1,0.008779997256653559,0.008785715332094468,0.008773325287234584,0.00900977876680458,0.008997668043957525
0,1.25,0.0020483340134856767,1,0.00927989232539573,0.009284602798614526,0.009274145621197346,0.009516322709878785,0.009505701440821608
0,1.25,0.002243903058468759,1,0.009844098646001612,0.009847728288043311,0.009839354727700752,0.010087797742319307,0.01007880424620644
0,1.25,0.0024581444738288336,1,0.01048207417645323,0.010484547363085826,0.010478415801221906,0.010733718005778974,0.010726503029884829
0,1.25,0.002692841043827723,1,0.011204843666958536,0.011206083069583817,0.011202358895286223,0.011465169198855313,0.011459896949481792
0,1.25,0.0029499457678450972,1,0.012025281054039156,0.01202520858055524,0.012024063236276222,0.012295091306150526,0.012291940546813002
0,1.25,0.0032315981120287504,1,0.012958445386361752,0.0129569834326519,0.01295859304398115,0.013238614867059018,0.013237780084142144
0,1.25,0.0035401418126057437,1,0.014021980709146805,0.014019053795026928,0.014023597279865479,0.014313461207077202,0.014315153841923507
0,1.25,0.003878144379002528,1,0.0152365923930414,0.015232129272385797,0.015239785801833584,0.015540419112136822,0.015544868856935493
0,1.25,0.004248418459066931,1,0.01662661486176713,0.016620551215704462,0.016631496871181126,0.01694391289322065,0.016949152542372878
0,1.25,0.0046540452441801335,1,0.01666666666666667,0.016666666666666666,0.016666666666666666,0.016949152542372878,0.016949152542372878
0,1.25,0.005098400109021483,1,0.01666666666666667,0.016666666666666666,0.016666666666666666,0.016949152542372878,0.016949152542372878
0,1.25,0.005585180699344355,1,0.01666666666666667,0.016666666666666666,0.016666666666666666,0.016949152542372878,0.016949152542372878
0,1.25,0.006118437701492144,1,0.01666666666666667,0.016666666666666666,0.016666666666666666,0.016949152542372878,0.016949152542372878
0,1.25,0.006702608549699208,1,0.01666666666666667,0.016666666666666666,0.016666666666666666,0.016949152542372878,0.016949152542372878
0,1.25,0.007342554351668034,1,0.01666666666666667,0.016666666666666666,0.016666666666666666,0.016949152542372878,0.016949152542372878
0,1.25,0.00804360033969441,1,0.01666666666666667,0.016666666666666666,0.016666666666666666,0.016949152542372878,0.016949152542372878
0,1.25,0.008811580183949744,1,0.01666666666666667,0.016666666666666666,0.016666666666666666,0.016949152542372878,0.016949152542372878
0,1.25,0.00965288453666827,1,0.01666666666666667,0.016666666666666666,0.016666666666666666,0.016949152542372878,0.016949152542372878
0,1.25,0.010574514211193703,1,0.01666666666666667,0.016666666666666666,0.016666666666666666,0.016949152542372878,0.016949152542372878
0,1.25,0.011584138438408465,1,0.01666666666666667,0.016666666666666666,0.016666666666666666,0.016949152542372878,0.016949152542372878
0,1.25,0.012690158685319334,1,0.01666666666666667,0.016666666666666666,0.016666666666666666,0.016949152542372878,0.016949152542372878
0,1.25,0.013901778566858262,1,0.01666666666666667,0.016666666666666666,0.016666666666666666,0.016949152542372878,0.016949152542372878
0,1.25,0.015229080432661005,1,0.01666666666666667,0.016666666666666666,0.016666666666666666,0.016949152542372878,0.016949152542372878
0,1.25,0.016683109266131278,1,0.01666666666666667,0.016666666666666666,0.016666666666666666,0.016949152542372878,0.016949152542372878
0,1.25,0.018275964593946457,1,0.01666666666666667,0.016666666666666666,0.016666666666666666,0.016949152542372878,0.016949152542372878
0,1.25,0.02002090117081873,1,0.01666666666666667,0.016666666666666666,0.016666666666666666,0.016949152542372878,0.016949152542372878
0,1.25,0.021932439277347896,1,0.01666666666666667,0.016666666666666666,0.016666666666666666,0.016949152542372878,0.016949152542372878
0,1.25,0.024026485548796182,1,0.01666666666666667,0.016666666666666666,0.016666666666666666,0.016949152542372878,0.016949152542372878
0,1.25,0.0263204653402472,1,0.01666666666666667,0.016666666666666666,0.016666666666666666,0.016949152542372878,0.016949152542372878
0,1.25,0.02883346772960994,1,0.01666666666666667,0.016666666666666666,0.016666666666666666,0.016949152542372878,0.016949152542372878
0,1.25,0.031586404365092795,1,0.01666666666666667,0.016666666666666666,0.016666666666666666,0.016949152542372878,0.016949152542372878
0,1.25,0.03460218347897795,1,0.01666666666666667,0.016666666666666666,0.016666666666666666,0.016949152542372878,0.016949152542372878
0,1.25,0.037905900515730874,1,0.01666666666666667,0.016666666666666666,0.016666666666666666,0.016949152542372878,0.016949152542372878
0,1.25,0.04152504696073378,1,0.01666666666666667,0.016666666666666666,0.016666666666666666,0.016949152542372878,0.016949152542372878
0,1.25,0.045489739107386525,1,0.01666666666666667,0.016666666666666666,0.016666666666666666,0.016949152542372878,0.016949152542372878
0,1.25,0.049832968666232776,1,0.01666666666666667,0.016666666666666666,0.016666666666666666,0.016949152542372878,0.016949152542372878
0,1.25,0.05459087730152536,1,0.01666666666666667,0.016666666666666666,0.016666666666666666,0.016949152542372878,0.016949152542372878
0,1.25,0.05980305737975391,1,0.01666666666666667,0.016666666666666666,0.016666666666666666,0.016949152542372878,0.016949152542372878
0,1.25,0.06551288143277754,1,0.01666666666666667,0.016666666666666666,0.016666666666666666,0.016949152542372878,0.016949152542372878
0,1.25,0.07176786307715076,1,0.01666666666666667,0.016666666666666666,0.016666666666666666,0.016949152542372878,0.016949152542372878
0,1.25,0.07862005239298919,1,0.01666666666666667,0.016666666666666666,0.016666666666666666,0.016949152542372878,0.016949152542372878
0,1.25,0.0861264690524733,1,0.01666666666666667,0.016666666666666666,0.016666666666666666,0.016949152542372878,0.016949152542372878
0,1.25,0.09434957680221677,1,0.01666666666666667,0.016666666666666666,0.016666666666666666,0.016949152542372878,0.016949152542372878
0,1.25,0.10335780324784796,1,0.01666666666666667,0.016666666666666666,0.016666666666666666,0.016949152542372878,0.016949152542372878
0,1.25,0.11322610926612925,1,0.01666666666666667,0.016666666666666666,0.016666666666666666,0.016949152542372878,0.016949152542372878
0,1.25,0.12403661278290928,1,0.01666666666666667,0.016666666666666666,0.016666666666666666,0.016949152542372878,0.016949152542372878
0,1.25,0.1358792721076013,1,0.01666666666666667,0.016666666666666666,0.016666666666666666,0.016949152542372878,0.016949152542372878
0,1.25,0.14885263451047379,1,0.01666666666666667,0.016666666666666666,0.016666666666666666,0.016949152542372878,0.016949152542372878
0,1.25,0.16306465627194947,1,0.01666666666666667,0.016666666666666666,0.016666666666666666,0.016949152542372878,0.016949152542372878
0,1.25,0.1786336010278545,1,0.01666666666666667,0.016666666666666666,0.016666666666666666,0.016949152542372878,0.016949152542372878
0,1.25,0.1956890238860908,1,0.01666666666666667,0.016666666666666666,0.016666666666666666,0.016949152542372878,0.016949152542372878
0,1.25,0.21437284950393945,1,0.01666666666666667,0.016666666666666666,0.016666666666666666,0.016949152542372878,0.016949152542372878
0,1.5,0.00010103955414595392,1,0.004607654603612146,0.004629067540366111,0.004593251922567641,0.004772759663964136,0.004744808252022133
0,1.5,0.00011068652040230899,1,0.004626431066712331,0.00464779300925641,0.004612097150629325,0.004791914331258449,0.004764047986951862
0,1.5,0.00012125455127279349,1,0.00464706787559621,0.004668161407967034,0.004632789441014131,0.004812913665848826,0.004785221210525233
0,1.5,0.00013283158735975404,1,0.004669732438284226,0.004690711445310316,0.0046554129819993085,0.004836005332106286,0.004808427976205817
0,1.5,0.0001455139655815204,1,0.00469462983957141,0.004715483342518067,0.004680361188010646,0.004861370666020549,0.004833919401571185
0,1.5,0.0001594072208285256,1,0.004721987041863665,0.004742703012673265,0.004707774067979768,0.004889240520504532,0.004861927412663809
0,1.5,0.0001746269641592488,1,0.0047520554396464874,0.004772620694477986,0.004737903486813431,0.004919870568442521,0.004892708838812186
0,1.5,0.00019129984484378277,1,0.004785118416647894,0.004805528702732166,0.004771034026950555,0.0049535471166749405,0.004926541489567174
0,1.5,0.00020956460426055652,1,0.004821481813959374,0.004841755238486066,0.004807487643109076,0.004990586650888967,0.004963742205765086
0,1.5,0.0002295732304160882,1,0.00486148863051849,0.004881612245402839,0.004847593216292096,0.00503133403415571,0.005004666095810594
0,1.5,0.0002514922226949661,1,0.004905521050870695,0.004925480695603052,0.00489173373099027,0.005076177577423797,0.0050497029209355835
