1001
1002
1003
1004
1006
1007
1008
1010
1011
1012
1013
1014
1016
1017
1018
1019
1022
1023
1024
1025
1026
1027
1028
1029
1031
1032
1033
1035
1036
1037
1038
1039
1040
1044
1045
1046
1047
1048
1049
1051
1053
1054
1056
1057
1058
1059
1060
1061
1063
1064
1065
1066
1068
1070
1071
1072
1073
1074
1075
1077
1078
1079
1080
1081
1082
1083
1084
1085
1086
1088
2001
2002
2003
2004
2005
2006
2007
2008
2009
2010
2011
2012
2013
2014
2015
2016
2017
2018
2019
3002
3003
3004
3005
3006
3007
3008
3009
3010
3014
3015
3016
3019
3020
3021
3022
3023
3024
3025
3026
3027
3028
3029
3032
3033
3034
3035
3037
3038
3040
3042
3044
3047
4001
4002
4003
4004
4005
4006
4007
4008
4010
4011
4012
4013
4015
4017
4018
4019
4020
4021
4023
4024
4025
4026
4027
4028
4029
4030
4031
4032
4033
4034
4035
4038
4039
4040
4041
4042
4043
4045
4046
4047
4048
4049
4050
4051
4052
4053
4054
4055
4056
4057
4059
4060
4061
4062
4063
4064
4065
4066
4067
4068
4069
4070
4072
4074
4075
4076
5001
5003
5004
5005
5006
5007
5008
5009
5012
5013
5015
5017
5018
5019
5020
5021
5022
5023
5024
5028
5029
5031
5032
5033
5034
5035
5036
5037
5038
5040
5041
5043
5044
5045
5046
5047
5048
5050
5051
5052
5053
5054
5055
5056
5057
5059
5060
5062
5063
5064
5065
5066
5068
5069
5070
5071
5072
5073
5074
5075
5077
5078
5079
5080
5081
5082
5083
5084
5085
5086
5087
5088
5089
5090
5091
5092
5094
5095
5096
5097
5098
5100
5102
5103
5104
5105
5106
5108
5109
5112
5114
5115
5116
5117
5118
5119
5120
5121
5122
5123
5124
5125
5126
5127
5130
5131
5132
5133
5136
5137
5138
5139
5140
5141
5144
5145
5146
5148
5149
5150
5151
5152
5155
5157
5158
5159
5160
5161
5162
5163
5165
5166
5167
5168
5171
5172
5173
5174
5177
5179
5180
5182
5183
5185
5186
5187
5188
5189
5190
5191
5192
5194
5197
5198
5199
5200
5201
5202
5203
5204
5205
5206
5208
5209
5210
5211
5212
5213
5214
5215
5218
5219
5221
5222
5223
5224
5225
5226
5227
5229
5230
5231
5232
5233
5234
5235
5236
5237
5239
5241
5244
5246
5247
5248
5249
5250
5251
5252
5253
5254
5255
5256
5257
5258
5259
5260
5261
5262
5263
5264
5265
5270
5271
5272
5274
5277
5278
5282
5285
5287
5288
5289
6002
6003
6004
6005
6006
6007
6008
6009
6010
6011
6012
6013
6015
6016
6017
6018
6020
6022
6023
6025
6026
6027
6028
6029
6030
6031
6032
6033
6034
6035
6036
6037
6038
6039
6040
6041
6042
6043
6045
6046
6047
6048
6049
6050
6051
6052
6053
6054
6055
7001
7002
7003
7004
7006
7007
7008
7009
7010
7011
7012
7013
7014
7015
7017
7018
7019
7020
7021
7022
7023
7024
7025
7026
7027
7028
8001
8002
8003
8004
8005
9001
10001
10002
10003
10005
10006
10007
10008
10009
10011
10012
10013
10014
10015
10016
10017
10018
10019
10020
10021
10022
10023
10024
10025
10026
10027
10028
10029
10030
10031
10032
10033
10034
10035
10036
10037
10038
10039
10040
10041
10043
10045
10046
10047
10048
10049
10050
10051
10052
10053
10054
10055
10056
10058
10059
10061
10062
10063
10064
10069
10070
10071
10072
10073
10074
10075
10076
10077
10078
10079
10080
10083
10084
10085
10086
10087
10088
10089
10090
10091
10092
10093
10096
10097
10098
10099
10100
10101
10102
10104
10105
10106
10107
10108
10109
10111
10112
10113
10114
10115
10117
10118
10119
10120
10121
10122
10123
10124
10125
10126
10128
10131
10132
10133
10135
11001
11002
11003
11004
11005
11006
11007
11008
11009
11010
11011
11013
11014
11015
11017
11018
11020
11021
11023
11024
11025
11028
11029
11030
11031
11032
11033
11034
11035
11036
11038
11039
11040
11041
11043
11044
11045
11046
11047
11048
11049
11050
11051
11052
11053
11054
11055
11056
11057
11058
11059
11060
11061
11062
11063
11064
11065
11066
11067
11068
11069
11070
11071
11072
11073
11074
11075
11077
11078
11080
11081
11082
11083
11084
11085
11086
11088
11089
11090
11091
11092
11093
11094
11095
11096
11098
11099
11100
11101
11102
11103
11104
11105
11107
11108
11109
11111
11112
11114
11115
11116
11117
11118
11119
11120
11121
11122
11124
11125
11126
11127
11128
12001
12003
12005
12007
12008
12010
12012
12013
12014
13003
13004
13005
13006
13007
13009
13010
13012
13015
13017
13019
13020
13021
13022
13023
13024
13025
13026
13027
13028
13029
13030
13031
13032
13033
13035
13036
13037
13038
13039
14001
14002
14003
14004
14005
14006
14007
14008
14009
14010
14011
14012
14013
14014
14015
14016
14017
14018
14019
14020
14022
14023
14024
14026
14027
14028
14029
14031
14032
14033
14035
14036
14037
14038
14039
14040
14043
14044
14045
14047
14048
14049
14050
14051
14052
14053
14054
14055
14056
14057
14058
14059
14060
14061
14062
14063
14064
14065
14066
14067
14068
14069
14070
14071
14072
14073
14074
14075
14076
14077
14078
14079
14080
14082
14083
14084
14085
14086
14088
14089
14090
14092
14093
14094
14095
14096
14097
14098
14099
14100
14101
14102
14103
14104
14105
14106
14107
14108
14109
14110
14111
14112
14113
14114
14115
14116
14117
14118
14119
14120
14121
14123
14124
14125
14126
14127
14128
14130
14131
14132
14134
14136
14137
14138
14139
14140
14141
14143
14146
14147
15001
15002
15003
15004
15005
15006
15007
15008
15009
15010
15011
15012
15013
15014
15015
15016
15017
15018
15019
15020
15021
15022
15023
15024
15025
15026
15027
15028
15029
15030
15031
15032
15033
15034
15035
15036
15037
15038
15039
15040
15041
15042
15043
15044
15045
15046
15047
15048
15049
15050
15051
15052
15053
15054
15055
15056
15057
15058
15059
15060
15061
15062
15064
15065
15066
15067
15068
15069
15070
15071
15072
15073
15074
15075
15076
15077
15078
15079
15080
15082
15083
15084
15085
15086
15087
15088
15089
15091
15093
16001
16002
16003
16005
16006
16008
16009
16010
16011
16012
16013
16014
16015
16017
16018
16019
16020
16021
16022
16023
16024
16025
16026
16027
16029
16030
16031
16032
16033
16034
16035
16036
16037
16039
16040
16041
16042
16044
16045
16046
16047
16048
16050
16051
16052
16053
16054
16055
16056
16057
16058
16059
16060
16061
16062
16063
16064
16065
16067
16068
16069
16072
16073
16075
16076
16077
16078
16079
16080
16081
16082
16083
16084
16085
16086
16088
16089
16091
16092
16093
16094
16095
16097
16098
16099
16100
16101
16103
16105
16106
16107
16108
16109
16110
17001
17002
17003
17004
17005
17007
17010
17011
17012
17013
17014
17015
17016
17017
17018
17019
17021
17022
17023
17024
17025
17026
17027
17028
17029
17030
17031
17032
17033
17034
17035
17036
17037
17038
17039
17040
17041
17042
17043
17044
17045
17046
17047
17049
17050
17051
17052
17053
17054
17055
17056
17057
17058
17059
17060
17061
17062
17063
17064
17065
17066
17067
17068
17069
17070
17071
17073
17074
17075
17076
17077
17078
17079
17080
17081
17082
17083
17084
17085
17086
17087
17088
17089
17091
17094
17095
17096
17097
17098
17099
17100
17101
17102
17103
17104
17105
17106
17107
17108
17109
17111
17113
17114
17115
17116
17117
17118
17119
17120
17121
17122
17123
17124
17125
18001
18002
18003
18004
18006
18007
18008
18009
18011
18012
18013
18014
18015
18016
18017
18018
18019
18020
18021
18022
18023
18024
18025
18026
18027
18028
18029
18030
18031
18032
18033
18034
18035
18036
18038
18039
18040
18041
18042
18043
18044
18045
18047
18048
18049
18050
18051
18052
18054
18055
18056
18057
18058
18059
18060
18061
18062
18063
18064
18065
18066
18067
18068
18069
18070
18071
18072
18073
18074
18075
18076
18078
18079
18080
18081
18082
18083
18084
18085
18086
18087
18089
19001
19002
19003
19006
19007
19008
19009
19012
19014
19016
19018
19019
19020
19021
19022
19024
19026
19027
19028
19029
19030
19031
19033
19035
19036
19039
19040
19042
19046
19047
19049
19050
19051
19052
19053
19054
19055
19057
19058
19059
19060
19061
19062
19063
19064
19065
19066
19067
19069
19070
19071
19073
19075
19077
19078
19080
19081
19082
19084
19085
19086
19087
19088
19090
19091
19092
19093
20001
20002
20003
20005
20006
20007
20008
20009
20010
20011
20012
20013
20014
20015
20016
20017
20018
20019
20020
20021
20022
20023
20024
20025
20026
20027
20028
20029
20030
20031
20033
20035
21001
21002
21003
21004
21005
21006
21007
21008
21009
21010
21011
21012
21013
21014
21016
21017
21018
21019
21020
21021
21022
21023
21024
21025
21026
21028
21029
21030
21031
21033
22002
22003
22004
22005
22006
22007
22008
22009
22010
22011
22013
22014
22015
22016
22018
22019
22020
22021
22022
22023
22024
22025
22026
22027
22028
22029
22030
22031
22032
22033
22034
22037
22038
22039
22040
22041
22042
22043
22044
22045
22046
22047
22048
22049
22051
22052
22053
22054
22055
22056
22057
22058
22059
22060
22061
22062
22063
22064
22065
22066
22067
22068
22070
22072
23002
23003
23004
23005
23006
23007
23008
23009
23010
23011
23012
23013
23014
23015
23016
23017
23018
23019
23020
23021
23022
23023
23024
23025
23026
23027
23029
23030
23031
23032
23033
23034
23035
23036
23038
23039
23040
23041
23042
23044
23045
23047
23049
23050
23051
23052
23053
23054
23055
23056
23057
23058
23060
23061
23062
23063
23064
23066
23067
23068
23069
23070
23071
23072
23073
23074
23075
23076
23078
23079
23080
23081
23082
23083
23084
23085
23086
23087
23088
23089
23091
23092
23094
23095
23097
23098
23099
23100
23101
23104
23105
23106
23108
23109
23110
23111
23112
23113
23114
23115
23116
23117
23118
23119
23120
23121
23122
23124
23127
24001
24003
24005
24006
24007
24008
24009
24010
24011
24012
24013
24014
24015
24016
24017
24018
24019
24020
24021
24022
24023
24024
24025
24027
24028
24029
24030
24031
24032
24033
24034
24035
24037
24038
24039
24040
24041
24042
24043
24044
24045
24046
24047
24048
24050
24052
24053
24055
24056
24057
24058
24059
24060
24061
24062
24063
24064
24065
24066
24067
24068
24069
24071
24072
24073
24074
24076
24077
24078
24080
24081
24082
24084
24085
24086
24087
24088
24089
24090
24091
24093
24095
24096
24097
24098
24099
24100
24101
24102
24103
24104
24105
24106
24107
24108
24112
24113
24114
24115
24116
24117
24118
24119
24120
24121
24122
24124
24125
24126
24127
24128
24129
24130
24131
24133
24134
24135
24136
24137
24138
24141
25002
25003
25004
25006
25007
25008
25009
25011
25012
25014
25015
25016
25017
25018
25020
25021
25022
25025
25026
25027
25029
25030
25031
25032
25033
25034
25036
25037
25038
25039
25040
25041
25042
25044
25045
25046
25048
25050
25051
25052
25053
25054
25055
25056
25057
25059
25060
25063
25064
25066
25070
25071
25072
25075
25076
25077
25082
25084
25085
25087
25089
25090
25093
25094
26001
26002
26003
26004
26005
26006
26009
26010
26011
26012
26013
26014
26015
26019
26020
26021
26022
26023
26025
26026
26027
26028
26029
26031
26033
26034
26035
26036
26037
26038
26039
26040
26041
26042
26043
26045
26046
26048
26049
26050
26052
26053
26056
26057
26058
26059
26060
26064
26065
26066
26067
26068
26069
26070
26071
26072
26073
26074
26075
26076
26077
26078
26079
26080
26081
26082
26084
26088
26089
26090
26091
26093
27001
27002
27005
27006
27007
27008
27012
27014
27015
27016
27017
27020
27021
27022
27023
27024
27026
27027
27028
27029
27030
27031
27032
27033
27034
27036
27037
27038
27039
27040
27041
27043
27044
27045
27046
27047
27049
27051
27052
27053
27054
28001
28002
28003
28004
28005
28006
28007
28008
28009
28010
28011
28013
28014
28015
28016
28017
28018
28019
28020
28021
28022
28023
28024
28025
28026
28027
28030
28031
28032
28033
28034
28035
28036
28037
28038
28039
28040
28041
28042
28043
28044
28045
28046
28047
28048
28049
28050
28051
28052
28053
28054
28055
28056
28057
28058
28059
28060
28062
28063
28064
28065
28066
28067
28068
28069
28070
28071
28072
28073
28074
28076
28077
28078
28079
28080
29001
29002
29003
29004
29005
29006
29007
29008
29010
29013
29015
29016
29018
30001
30002
30003
30004
30005
30006
30007
30008
30010
30011
30012
30013
30014
30015
30016
30017
30019
30020
30021
30022
30023
30024
30025
31001
31002
31003
31004
31005
31006
31007
31008
31010
31011
31012
31013
31014
31015
31016
31017
31019
31020
31021
31022
31023
31024
31025
31026
31027
31028
31030
31031
31032
31033
31034
31035
31036
31037
31038
31039
31040
31041
31042
31043
31044
31045
31046
31047
31048
31049
31050
31051
31053
31054
31055
31056
31057
31058
31059
31060
31061
31062
31063
31064
31065
31066
31067
31068
31069
32001
32002
32003
32005
32006
32007
32008
32009
32010
32011
32012
32013
32014
32015
32016
32017
32019
32020
32021
32022
32023
32024
32025
32026
32027
32028
32029
32031
32033
32034
33001
33002
33003
33004
33005
33006
33007
33008
33009
33010
33011
33012
33013
33014
33015
33016
33017
33018
33019
33020
33022
33023
33024
33025
33027
33028
33029
33030
33031
33032
33033
33034
33035
33036
33037
33038
33039
33040
33041
33042
33043
33044
33045
33046
33047
33048
33049
33050
33052
33053
33055
33056
33057
33058
33059
33060
33061
33063
33064
33065
33066
33067
33068
33069
33070
33071
33072
33073
33074
33075
33076
33077
33078
33079
33080
33081
33082
33083
33084
33085
33086
33087
33088
33089
33090
33091
33092
33093
33094
33095
33096
33097
33098
33099
33100
33101
33102
33103
33104
33105
33106
33107
33108
33109
33111
33112
33113
33114
33115
33116
33117
33118
33119
33120
33121
33122
33123
33124
33125
33126
33127
33128
33130
33131
33132
33133
33135
33136
33137
33138
33139
33140
33142
34001
34002
34003
34004
34005
34006
34007
34008
34010
34011
34012
34013
34014
34015
34016
34017
34018
34019
34020
34021
34023
34024
34025
34026
34027
34028
34029
34030
34031
34033
34034
34035
34036
34037
34038
34039
34040
34041
34042
34043
34044
34045
34046
34047
34048
34049
34050
34051
34052
34053
34054
34055
34056
34057
34058
34059
34060
34061
34062
34063
34064
34065
34066
34067
34068
34069
34070
34071
34072
34073
34074
34075
34076
34079
34080
34081
34082
34083
34084
34085
34086
34087
34088
34089
34090
34091
34092
34093
34094
34095
34096
34097
34098
34099
34100
34102
35001
35002
35003
35004
35005
35006
35007
35008
35009
35010
35011
35012
35014
35017
35019
35020
35021
35022
35023
35025
35026
35027
35029
35030
35031
35034
35035
35036
35038
35039
35040
35041
35042
35043
35044
35045
35046
36001
36002
36004
36005
36006
36007
36008
36009
36010
36011
36012
36013
36014
36015
36016
36017
36018
36019
36020
36021
36022
36023
36024
36025
36026
36027
36028
36029
36032
36033
36034
36035
36036
36037
36038
36039
36040
36041
36042
36043
36044
36045
36046
36047
36048
36049
36050
36051
36052
36053
36054
36055
36056
36057
36058
36059
36060
36061
36062
36063
36064
36065
36066
36067
36068
36069
36070
36071
36072
36074
36075
36076
36077
36078
36079
36080
36081
36083
36084
36085
36086
36087
36088
36089
36090
36091
36092
36093
36094
36095
36096
36097
36098
36099
36100
36101
36102
36103
36104
36105
36106
36107
36108
36109
36110
36112
36113
36114
36116
36118
36119
36120
36121
36122
36123
36124
37001
37002
37003
37004
37005
37006
37007
37008
37009
37011
37015
37016
37018
37019
37020
37022
37023
37024
37025
37026
37027
37028
37029
37030
37031
37032
37033
37034
37035
37036
37037
37038
37039
37042
37043
37044
37047
37048
37049
37050
37051
37052
37053
37054
37055
37056
37058
37059
37062
37063
37064
37065
37066
37067
37068
37069
37070
37071
37072
37073
37074
37075
37076
37077
37079
37080
37081
37082
37083
37084
37085
37087
37088
37089
37090
37091
37092
37093
37094
37096
37097
37101
38001
38002
38003
38004
38006
38007
38010
38012
38013
38014
38015
38016
38017
38019
38020
38022
38023
38024
38025
38026
38027
38028
38029
38030
38031
38032
38033
38034
38037
38038
38040
38041
38042
38043
38044
38045
38047
38048
38049
38050
38051
38054
38055
38056
39001
39002
39003
39004
39005
39006
39007
39008
39009
39010
39011
39012
39013
39014
39015
39016
39017
39018
39019
39020
39021
39022
39024
39025
39026
39028
39029
39030
39031
39032
39033
39034
39035
39036
39037
39039
39040
39041
39042
39044
39045
39046
39047
39048
39049
39050
39052
39053
39054
39055
39056
39057
39058
39059
39060
39061
39062
39063
39064
39065
39066
39067
39068
39069
39070
39072
39073
39074
39075
39077
39079
39080
39081
39082
39083
39084
39085
39087
39088
39089
39090
39092
39093
39094
39095
39096
39097
39098
39099
39100
39101
39102
39103
39104
39105
39106
39107
39108
39109
39110
39111
39112
39113
39114
39115
39117
39118
39119
39120
39121
39122
39124
39125
39126
39127
39128
39129
39130
39131
39132
39133
39134
39135
39136
39137
39138
39139
39140
41002
41004
41005
41006
41007
41008
41009
42001
42002
42003
42004
42005
42006
42007
42008
42009
42010
42011
42012
42013
42014
42015
42017
42018
42019
42020
42021
42022
42023
42024
42025
42026
42027
42028
42029
42031
42033
42034
42035
42036
42037
42038
42039
42040
42041
42042
42043
42044
42046
42047
42048
42049
42050
42051
42052
42053
43001
43002
43003
43004
43005
43006
43007
43009
43010
43013
43014
43016
43017
43019
43020
43021
43023
43024
43026
43027
43028
43029
43030
43031
43032
43033
43034
43035
43036
43037
43038
43039
43040
43041
43042
43043
43044
43045
43046
43047
43048
43049
43050
43051
43052
43053
43054
44001
44003
44004
44005
44006
44007
44008
44009
44010
44011
44012
44013
44014
44015
44016
44017
44018
44020
44022
44023
44024
44025
44026
44027
44028
44030
44031
44032
44033
44036
44037
44038
44039
44040
44041
44042
44043
44044
44045
44046
44047
44048
44049
44050
44051
44053
44054
44055
44056
44057
44058
44059
44060
44061
44062
44063
44064
44065
44066
44067
44068
44069
44070
44071
44072
44073
44074
44075
44076
44077
44078
44079
44082
44083
44084
44085
44086
44088
44089
44090
44091
44093
44094
44096
45001
45003
45004
45005
45006
45007
45008
45009
45010
45011
45012
45013
45014
45015
45016
45017
45019
45020
45021
45022
45023
45024
45026
45027
45028
45029
45030
45031
45034
45035
45036
45038
45039
45040
45041
45042
45043
45045
45048
45049
45051
45052
45053
45054
45055
45057
45058
45059
45060
45061
45062
45064
45065
45066
45068
45069
45070
45071
45072
45073
45076
45078
45079
45080
45081
45083
45085
45086
45088
45089
45090
45091
45094
45095
45096
45097
45098
45099
45100
45101
45102
45104
45106
45109
45110
45111
45112
45114
45115
45116
45119
45120
45121
45122
45123
45124
45125
45129
45131
45133
45134
45135
45136
45138
45139
45140
45141
45142
45143
45144
45145
45146
45147
45148
45149
45150
45151
45152
45155
45156
45158
45159
45160
45163
45167
45168
45169
45170
45171
45173
45174
45175
45176
45177
45178
45180
45181
45182
45185
45187
45188
45189
45191
45194
45196
45197
45198
45199
45200
45201
45202
45203
45204
45205
45207
45208
45209
45211
45212
45213
45215
45216
45218
45219
45221
45223
45224
45225
45226
45228
45229
45232
45233
45235
45236
45237
45240
45241
45245
45246
45248
45250
45251
45252
45253
45254
45257
45258
45260
45261
45263
45264
45265
45266
45267
45268
45269
45270
45271
45273
45274
45275
45276
45277
45278
45279
45280
45281
46001
46002
46003
46004
46005
46006
46007
46008
46010
46011
46012
46013
46014
46015
46016
46017
46019
46020
46022
46023
46024
46025
46026
46027
46028
46030
46032
46033
47002
47003
47004
47005
47006
47007
47008
47009
47010
47011
47012
47013
47014
47015
49001
49002
49003
49004
49005
49006
49007
49008
49009
49010
49011
49012
49013
49014
49015
49016
49017
49018
49019
49020
49021
49022
49023
49024
49025
49026
49027
49028
49029
49030
49031
49032
49033
49034
49035
49036
49037
49038
49039
49040
49041
49042
49043
49044
49045
49046
49047
49048
49049
49050
49051
49052
49053
49054
49055
49056
49057
49058
49059
49060
49062
49063
49065
49066
49067
50001
50002
50003
50004
50005
50006
50007
50008
50009
50010
50011
50012
50013
50014
50015
50016
50017
50018
50019
50020
50022
50023
50024
50025
50026
50027
50028
50029
50031
50033
50034
50035
50036
50039
50040
50041
50042
50044
50045
50046
50047
50048
50050
50051
50052
50053
50054
50056
50058
50059
50060
50061
50062
50063
50064
50065
50066
50067
50068
51001
51002
51003
51004
51005
51006
51007
51008
51009
51010
51011
51012
51013
51014
51015
51017
51018
51020
51021
51022
51023
51024
51025
51026
51027
51028
51029
51030
51031
51032
51033
51034
51035
51036
51037
51038
51039
51040
51041
51042
51043
51044
51045
52001
52002
52003
52004
52005
52006
52007
52008
52009
52010
52011
52012
52013
52014
52015
52016
52017
52018
52020
52021
52022
52023
52024
52025
52026
52027
52028
52029
52030
52031
52033
52034
52035
52036
52037
52038
52039
52041
52043
52044
52045
52046
52047
52048
52049
52050
52051
52052
52053
52054
52055
52056
52057
52058
52059
52060
52061
52062
52063
52065
52066
52067
52069
52070
52071
52072
52073
52074
52075
52076
52077
52078
52079
52080
52081
52082
52083
52084
52085
52086
52088
52089
52090
52091
52092
52093
52095
52096
52097
52098
52099
52100
52101
52102
52103
52104
52105
52106
52107
52108
53001
53002
53003
53004
53005
53006
53007
53008
53010
53011
53012
53013
53014
53015
53016
53017
53018
53019
53020
53021
53022
53023
53024
53025
53026
