1004
1011
1012
1018
1022
1024
1028
1033
1036
1037
1039
1046
1051
1054
1057
1060
1061
1064
1068
1071
1075
1082
1084
2001
2003
2009
2013
2019
3003
3005
3006
3010
3014
3015
3021
3022
3023
3025
3026
3027
3029
3035
3037
3038
3047
4001
4004
4011
4013
4015
4020
4024
4026
4029
4031
4032
4035
4038
4039
4041
4042
4049
4050
4054
4057
4060
4063
4064
4074
5005
5006
5007
5008
5009
5012
5015
5017
5018
5020
5022
5024
5028
5029
5031
5032
5033
5037
5038
5041
5047
5048
5050
5051
5052
5053
5054
5059
5060
5062
5063
5065
5066
5068
5070
5074
5077
5079
5081
5083
5085
5087
5088
5091
5094
5095
5096
5097
5098
5100
5102
5103
5104
5106
5108
5112
5117
5119
5121
5125
5130
5133
5136
5138
5141
5146
5148
5150
5155
5157
5160
5161
5162
5163
5165
5166
5168
5174
5177
5179
5182
5183
5185
5187
5189
5190
5191
5192
5194
5197
5198
5199
5203
5204
5205
5209
5211
5212
5213
5218
5221
5222
5224
5225
5226
5227
5229
5230
5231
5232
5234
5235
5237
5239
5247
5248
5249
5251
5252
5253
5254
5256
5259
5261
5262
5263
5265
5270
5271
5272
5277
5278
5282
5287
6004
6005
6007
6011
6013
6020
6022
6038
6041
6042
6045
7001
7004
7006
7007
7008
7009
7011
7012
7013
7014
7015
7017
7018
7019
7021
7023
7024
7025
7026
7027
7028
8001
8002
8003
8005
9001
10003
10006
10009
10040
10043
10046
10047
10061
10062
10080
10084
10085
10086
10087
10089
10091
10092
10097
10099
10111
10112
10113
10114
10115
10118
10120
10121
10122
10124
10125
10126
10131
10132
10133
10135
11004
11006
11008
11009
11011
11013
11023
11024
11025
11034
11035
11036
11039
11041
11047
11048
11061
11062
11064
11067
11071
11072
11075
11085
11096
11098
11099
11101
11102
11104
11107
11109
11111
11114
11115
11116
11117
11119
11120
11126
11128
12010
12014
13006
13007
13009
13017
13022
13025
13030
14002
14004
14009
14010
14011
14012
14013
14014
14019
14022
14023
14024
14027
14029
14036
14037
14038
14040
14047
14051
14055
14057
14060
14062
14067
14072
14074
14078
14079
14080
14084
14085
14095
14096
14097
14098
14102
14103
14104
14105
14106
14109
14110
14111
14112
14114
14116
14117
14121
14124
14125
14128
14131
14138
14139
15001
15002
15003
15007
15011
15013
15014
15015
15017
15018
15020
15022
15024
15029
15031
15032
15035
15039
15041
15044
15049
15056
15057
15058
15059
15060
15061
15062
15070
15074
15076
15083
15085
15091
15093
16003
16013
16014
16024
16029
31027
31028
31033
31036
31037
31040
31043
31045
31046
31049
31050
31054
31055
31056
31061
31062
31067
32002
32007
32010
32016
32023
32025
32034
33003
33006
33007
33009
33012
33014
33017
33018
33019
33022
33027
33028
33029
33031
33033
33037
33039
33041
33042
33045
33048
33053
33055
33056
33057
33060
33063
33064
33065
33066
33067
33069
33074
33078
33079
33080
33082
33084
33085
33087
33091
33092
33093
33096
33098
33099
33103
33105
33106
33107
33114
33118
33125
33127
33128
33132
33136
33137
33138
33140
34010
34016
34020
34027
34035
34038
34039
34040
34049
34050
34052
34057
34060
34063
34070
34076
34079
34081
34082
34091
34095
34100
35002
35014
35017
35031
36001
36004
36007
36013
36020
36021
36024
36032
36033
36041
36042
36044
36045
36050
36055
36057
36080
36086
36093
36095
36098
36099
36105
36109
36119
36120
36124
37025
37029
37030
37031
37037
37047
37054
37055
37056
37058
37059
37064
37080
37089
38001
38003
38006
38023
38024
38030
38031
38033
38037
38040
38041
38042
38045
38051
38054
38056
39001
39006
39007
39008
39011
39015
39016
39020
39026
39035
39040
39046
39047
39052
39053
39055
39057
39063
39065
39067
39070
39089
39090
39092
39097
39102
39103
39108
39109
39121
39122
39132
39135
39136
39137
39139
41004
41006
41009
42001
42002
42006
42009
42010
42018
42023
42024
42025
42026
42027
42037
42046
42052
43051
44009
44011
44016
44018
44020
44023
44024
44026
44030
44037
44038
44043
44046
44053
44056
44061
44065
44067
44073
44074
44075
44078
44088
44091
45005
45014
45016
45020
45022
45031
45038
45052
45053
45061
45066
45070
45080
45083
45100
45102
45111
45114
45134
45138
45163
45168
45174
45175
45177
45196
45198
45203
45205
45212
45228
45240
45251
45263
45264
45266
45268
45276
46001
46003
46032
47005
47007
47009
49003
49011
49012
49013
49016
49017
49019
49020
49023
49028
49032
49033
49037
49039
49042
49044
49045
49047
49048
49053
49054
49056
49057
49060
49063
49065
49067
50002
50005
50006
50010
50014
50018
50022
50028
50031
50051
50059
50067
51005
51006
51018
51024
51027
51031
51036
51040
51042
52030
52031
52035
52037
52038
52043
52045
52047
52048
52049
52050
52052
52054
52055
52057
52059
52075
52076
52079
52092
52097
52099
53006
53010
53012
53026
31027
31028
31033
31036
31037
31040
31043
31045
31046
31049
31050
31054
31055
31056
31061
31062
31067
32002
32007
32010
32016
32023
32025
32034
33003
33006
33007
33009
33012
33014
33017
33018
33019
33022
33027
33028
33029
33031
33033
33037
33039
33041
33042
33045
33048
33053
33055
33056
33057
33060
33063
33064
33065
33066
33067
33069
33074
33078
33079
33080
33082
33084
33085
33087
33091
33092
33093
33096
33098
33099
33103
33105
33106
33107
33114
33118
33125
33127
33128
33132
33136
33137
33138
33140
34010
34016
34020
34027
34035
34038
34039
34040
34049
34050
34052
34057
34060
34063
34070
34076
34079
34081
34082
34091
34095
34100
35002
35014
35017
35031
36001
36004
36007
36013
36020
36021
36024
36032
36033
36041
36042
36044
36045
36050
36055
36057
36080
36086
36093
36095
36098
36099
36105
36109
36119
36120
36124
37025
37029
37030
37031
37037
37047
37054
37055
37056
37058
37059
37064
37080
37089
38001
38003
38006
38023
38024
38030
38031
38033
38037
38040
38041
38042
38045
38051
38054
38056
39001
39006
39007
39008
39011
39015
39016
39020
39026
39035
39040
39046
39047
39052
39053
39055
39057
39063
39065
39067
39070
39089
39090
39092
39097
39102
39103
39108
39109
39121
39122
39132
39135
39136
39137
39139
41004
41006
41009
42001
42002
42006
42009
42010
42018
42023
42024
42025
42026
42027
42037
42046
42052
43051
44009
44011
44016
44018
44020
44023
44024
44026
44030
44037
44038
44043
44046
44053
44056
44061
44065
44067
44073
44074
44075
44078
44088
44091
45005
45014
45016
45020
45022
45031
45038
45052
45053
45061
45066
45070
45080
45083
45100
45102
45111
45114
45134
45138
45163
45168
45174
45175
45177
45196
45198
45203
45205
45212
45228
45240
45251
45263
45264
45266
45268
45276
46001
46003
46032
47005
47007
47009
49003
49011
49012
49013
49016
49017
49019
49020
49023
49028
49032
49033
49037
49039
49042
49044
49045
49047
49048
49053
49054
49056
49057
49060
49063
49065
49067
50002
50005
50006
50010
50014
50018
50022
50028
50031
50051
50059
50067
51005
51006
51018
51024
51027
51031
51036
51040
51042
52030
52031
52035
52037
52038
52043
52045
52047
52048
52049
52050
52052
52054
52055
52057
52059
52075
52076
52079
52092
52097
52099
53006
53010
53012
53026
