1001
1002
1003
1004
1007
1010
1011
1012
1018
1022
1024
1026
1028
1029
1032
1033
1036
1037
1038
1039
1046
1051
1054
1057
1059
1060
1061
1064
1066
1068
1070
1071
1073
1074
1075
1077
1080
1082
1084
1088
2001
2003
2004
2005
2009
2013
2017
2019
3003
3004
3005
3006
3008
3010
3014
3015
3016
3020
3021
3022
3023
3024
3025
3026
3027
3029
3032
3034
3035
3037
3038
3044
3047
4001
4003
4004
4005
4006
4007
4011
4013
4015
4017
4020
4024
4026
4028
4029
4031
4032
4035
4038
4039
4041
4042
4049
4050
4054
4057
4060
4063
4064
4066
4068
4069
4074
5004
5005
5006
5007
5008
5009
5012
5015
5017
5018
5019
5020
5022
5024
5028
5029
5031
5032
5033
5034
5037
5038
5040
5041
5045
5047
5048
5050
5051
5052
5053
5054
5055
5059
5060
5062
5063
5064
5065
5066
5068
5070
5071
5073
5074
5075
5077
5078
5079
5081
5083
5084
5085
5087
5088
5091
5094
5095
5096
5097
5098
5100
5102
5103
5104
5106
5108
5109
5112
5115
5116
5117
5119
5120
5121
5124
5125
5126
5130
5131
5133
5136
5137
5138
5139
5140
5141
5144
5145
5146
5148
5149
5150
5151
5155
5157
5158
5159
5160
5161
5162
5163
5165
5166
5167
5168
5172
5174
5177
5179
5182
5183
5185
5187
5189
5190
5191
5192
5194
5197
5198
5199
5200
5201
5202
5203
5204
5205
5206
5208
5209
5210
5211
5212
5213
5214
5215
5218
5219
5221
5222
5223
5224
5225
5226
5227
5229
5230
5231
5232
5234
5235
5237
5239
5244
5246
5247
5248
5249
5250
5251
5252
5253
5254
5255
5256
5257
5258
5259
5260
5261
5262
5263
5265
5270
5271
5272
5274
5277
5278
5282
5287
5288
6002
6004
6005
6007
6009
6011
6012
6013
6016
6017
6020
6022
6023
6025
6026
6027
6028
6038
6039
6041
6042
6045
6047
6048
6049
6053
7001
7002
7003
7004
7006
7007
7008
7009
7010
7011
7012
7013
7014
7015
7017
7018
7019
7020
7021
7022
7023
7024
7025
7026
7027
7028
8001
8002
8003
8005
9001
10003
10005
10006
10009
10011
10012
10013
10014
10016
10018
10019
10021
10023
10024
10025
10027
10028
10029
10030
10031
10032
10033
10034
10036
10037
10038
10039
10040
10043
10045
10046
10047
10048
10049
10050
10051
10054
10056
10058
10061
10062
10063
10071
10072
10073
10074
10075
10076
10077
10078
10079
10080
10083
10084
10085
10086
10087
10089
10090
10091
10092
10093
10096
10097
10098
10099
10100
10101
10102
10104
10105
10106
10107
10108
10109
10111
10112
10113
10114
10115
10117
10118
10119
10120
10121
10122
10124
10125
10126
10128
10131
10132
10133
10135
11002
11004
11006
11007
11008
11009
11011
11013
11018
11021
11023
11024
11025
11029
11032
11034
11035
11036
11039
11041
11043
11046
11047
11048
11049
11050
11051
11053
11057
11059
11061
11062
11064
11067
11068
11071
11072
11073
11075
11078
11080
11083
11085
11088
11090
11096
11098
11099
11101
11102
11103
11104
11107
11109
11111
11114
11115
11116
11117
11119
11120
11122
11124
11126
11127
11128
12001
12003
12005
12007
12010
12013
12014
13003
13004
13006
13007
13009
13017
13020
13022
13024
13025
13026
13028
13030
13033
13037
13038
14002
14003
14004
14005
14006
14007
14008
14009
14010
14011
14012
14013
14014
14015
14016
14019
14022
14023
14024
14027
14028
14029
14032
14035
14036
14037
14038
14039
14040
14043
14045
14047
14049
14050
14051
14055
14057
14058
14060
14062
14063
14066
14067
14068
14069
14071
14072
14074
14078
14079
14080
14082
14084
14085
14093
14095
14096
14097
14098
14099
14101
14102
14103
14104
14105
14106
14107
14109
14110
14111
14112
14113
14114
14116
14117
14121
14124
14125
14128
14131
14136
14138
14139
14141
14143
14146
14147
15001
15002
15003
15004
15005
15006
15007
15011
15013
15014
15015
15017
15018
15019
15020
15021
15022
15024
15026
15027
15029
15030
15031
15032
15033
15035
15037
15039
15040
15041
15044
15045
15047
15048
15049
15052
15053
15055
15056
15057
15058
15059
15060
15061
15062
15064
15067
15070
15071
15073
15074
15076
15079
15082
15083
15084
15085
15089
15091
15093
16003
16005
16009
16012
16013
16014
16021
16024
16026
16027
16029
31027
31028
31030
31031
31032
31033
31034
31035
31036
31037
31038
31039
31040
31041
31042
31043
31044
31045
31046
31047
31048
31049
31050
31053
31054
31055
31056
31058
31059
31060
31061
31062
31063
31064
31065
31066
31067
31068
31069
32001
32002
32003
32005
32007
32009
32010
32012
32015
32016
32017
32021
32023
32025
32026
32027
32029
32033
32034
33001
33002
33003
33004
33005
33006
33007
33008
33009
33010
33011
33012
33013
33014
33015
33016
33017
33018
33019
33020
33022
33025
33027
33028
33029
33031
33032
33033
33034
33037
33038
33039
33040
33041
33042
33043
33044
33045
33048
33049
33053
33055
33056
33057
33058
33059
33060
33063
33064
33065
33066
33067
33068
33069
33070
33073
33074
33075
33077
33078
33079
33080
33081
33082
33084
33085
33086
33087
33088
33089
33090
33091
33092
33093
33094
33095
33096
33098
33099
33100
33101
33102
33103
33104
33105
33106
33107
33108
33109
33111
33112
33113
33114
33116
33118
33121
33122
33123
33124
33125
33127
33128
33130
33132
33133
33135
33136
33137
33138
33139
33140
34001
34002
34003
34004
34005
34010
34011
34012
34014
34015
34016
34017
34018
34019
34020
34021
34024
34025
34026
34027
34028
34029
34031
34033
34034
34035
34036
34037
34038
34039
34040
34041
34042
34044
34047
34048
34049
34050
34051
34052
34054
34057
34058
34059
34060
34061
34063
34064
34065
34066
34068
34069
34070
34071
34072
34073
34074
34075
34076
34079
34081
34082
34084
34085
34086
34087
34088
34090
34091
34092
34093
34095
34096
34097
34098
34100
34102
35002
35010
35011
35014
35017
35023
35031
35034
36001
36002
36004
36005
36006
36007
36009
36010
36012
36013
36015
36017
36019
36020
36021
36022
36023
36024
36025
36026
36027
36032
36033
36034
36036
36037
36038
36039
36040
36041
36042
36044
36045
36047
36050
36053
36055
36056
36057
36058
36060
36061
36062
36064
36065
36066
36069
36070
36071
36074
36075
36077
36080
36081
36083
36084
36086
36087
36088
36090
36092
36093
36095
36096
36098
36099
36101
36102
36104
36105
36109
36110
36112
36113
36118
36119
36120
36121
36122
36123
36124
37001
37002
37004
37006
37008
37019
37020
37025
37027
37029
37030
37031
37032
37037
37042
37047
37049
37054
37055
37056
37058
37059
37063
37064
37069
37070
37074
37075
37080
37082
37085
37088
37089
38001
38002
38003
38004
38006
38010
38012
38016
38017
38020
38023
38024
38025
38027
38028
38030
38031
38033
38034
38037
38038
38040
38041
38042
38043
38045
38047
38048
38049
38051
38054
38055
38056
39001
39002
39003
39004
39006
39007
39008
39009
39011
39012
39013
39015
39016
39017
39018
39019
39020
39021
39022
39026
39029
39031
39032
39033
39034
39035
39036
39037
39040
39041
39042
39044
39045
39046
39047
39048
39050
39052
39053
39054
39055
39056
39057
39059
39061
39063
39064
39065
39066
39067
39068
39069
39070
39072
39073
39075
39077
39079
39081
39082
39084
39087
39088
39089
39090
39092
39093
39095
39097
39098
39100
39102
39103
39106
39107
39108
39109
39110
39111
39113
39115
39117
39118
39119
39121
39122
39124
39127
39128
39129
39130
39131
39132
39135
39136
39137
39138
39139
39140
41002
41004
41005
41006
41007
41008
41009
42001
42002
42003
42005
42006
42007
42009
42010
42012
42013
42014
42015
42017
42018
42021
42022
42023
42024
42025
42026
42027
42028
42031
42033
42034
42036
42037
42038
42040
42043
42044
42046
42047
42049
42050
42051
42052
43001
43024
43030
43034
43036
43039
43041
43044
43047
43050
43051
44001
44003
44006
44009
44010
44011
44012
44013
44015
44016
44017
44018
44020
44023
44024
44026
44028
44030
44031
44033
44037
44038
44039
44041
44042
44043
44044
44046
44047
44049
44051
44053
44054
44055
44056
44057
44058
44059
44060
44061
44062
44063
44065
44066
44067
44068
44069
44071
44073
44074
44075
44077
44078
44082
44083
44088
44089
44091
45001
45004
45005
45006
45008
45011
45012
45014
45016
45020
45021
45022
45023
45031
45034
45035
45036
45038
45052
45053
45058
45060
45061
45062
45064
45066
45068
45070
45072
45073
45080
45081
45083
45086
45094
45095
45096
45099
45100
45101
45102
45111
45112
45114
45122
45125
45131
45133
45134
45136
45138
45139
45146
45148
45149
45151
45152
45156
45158
45159
45163
45167
45168
45169
45171
45174
45175
45177
45181
45191
45196
45198
45200
45202
45203
45204
45205
45211
45212
45213
45221
45225
45226
45228
45229
45232
45233
45237
45240
45245
45250
45251
45252
45253
45254
45257
45260
45261
45263
45264
45265
45266
45267
45268
45271
45276
46001
46003
46004
46005
46008
46011
46012
46020
46023
46025
46028
46030
46032
47002
47003
47005
47006
47007
47008
47009
47010
47011
47012
47015
49001
49002
49003
49004
49006
49007
49008
49010
49011
49012
49013
49014
49015
49016
49017
49018
49019
49020
49021
49023
49024
49026
49027
49028
49032
49033
49034
49035
49037
49038
49039
49042
49043
49044
49045
49046
49047
49048
49049
49051
49053
49054
49056
49057
49059
49060
49062
49063
49065
49066
49067
50001
50002
50003
50004
50005
50006
50007
50009
50010
50012
50014
50015
50018
50022
50023
50024
50025
50028
50029
50031
50035
50036
50039
50042
50044
50045
50048
50050
50051
50052
50054
50056
50059
50060
50061
50064
50065
50066
50067
50068
51001
51003
51004
51005
51006
51007
51008
51014
51015
51017
51018
51022
51024
51025
51026
51027
51028
51030
51031
51032
51036
51038
51040
51042
51044
52001
52002
52003
52005
52007
52009
52010
52011
52015
52016
52018
52021
52024
52027
52029
52030
52031
52035
52037
52038
52039
52041
52043
52045
52047
52048
52049
52050
52051
52052
52053
52054
52055
52056
52057
52058
52059
52060
52063
52065
52067
52072
52073
52074
52075
52076
52077
52079
52080
52081
52083
52084
52085
52091
52092
52093
52095
52096
52097
52098
52099
52100
52102
52103
52104
52107
52108
53003
53004
53005
53006
53007
53010
53012
53017
53020
53021
53026
31027
31028
31030
31031
31032
31033
31034
31035
31036
31037
31038
31039
31040
31041
31042
31043
31044
31045
31046
31047
31048
31049
31050
31053
31054
31055
31056
31058
31059
31060
31061
31062
31063
31064
31065
31066
31067
31068
31069
32001
32002
32003
32005
32007
32009
32010
32012
32015
32016
32017
32021
32023
32025
32026
32027
32029
32033
32034
33001
33002
33003
33004
33005
33006
33007
33008
33009
33010
33011
33012
33013
33014
33015
33016
33017
33018
33019
33020
33022
33025
33027
33028
33029
33031
33032
33033
33034
33037
33038
33039
33040
33041
33042
33043
33044
33045
33048
33049
33053
33055
33056
33057
33058
33059
33060
33063
33064
33065
33066
33067
33068
33069
33070
33073
33074
33075
33077
33078
33079
33080
33081
33082
33084
33085
33086
33087
33088
33089
33090
33091
33092
33093
33094
33095
33096
33098
33099
33100
33101
33102
33103
33104
33105
33106
33107
33108
33109
33111
33112
33113
33114
33116
33118
33121
33122
33123
33124
33125
33127
33128
33130
33132
33133
33135
33136
33137
33138
33139
33140
34001
34002
34003
34004
34005
34010
34011
34012
34014
34015
34016
34017
34018
34019
34020
34021
34024
34025
34026
34027
34028
34029
34031
34033
34034
34035
34036
34037
34038
34039
34040
34041
34042
34044
34047
34048
34049
34050
34051
34052
34054
34057
34058
34059
34060
34061
34063
34064
34065
34066
34068
34069
34070
34071
34072
34073
34074
34075
34076
34079
34081
34082
34084
34085
34086
34087
34088
34090
34091
34092
34093
34095
34096
34097
34098
34100
34102
35002
35010
35011
35014
35017
35023
35031
35034
36001
36002
36004
36005
36006
36007
36009
36010
36012
36013
36015
36017
36019
36020
36021
36022
36023
36024
36025
36026
36027
36032
36033
36034
36036
36037
36038
36039
36040
36041
36042
36044
36045
36047
36050
36053
36055
36056
36057
36058
36060
36061
36062
36064
36065
36066
36069
36070
36071
36074
36075
36077
36080
36081
36083
36084
36086
36087
36088
36090
36092
36093
36095
36096
36098
36099
36101
36102
36104
36105
36109
36110
36112
36113
36118
36119
36120
36121
36122
36123
36124
37001
37002
37004
37006
37008
37019
37020
37025
37027
37029
37030
37031
37032
37037
37042
37047
37049
37054
37055
37056
37058
37059
37063
37064
37069
37070
37074
37075
37080
37082
37085
37088
37089
38001
38002
38003
38004
38006
38010
38012
38016
38017
38020
38023
38024
38025
38027
38028
38030
38031
38033
38034
38037
38038
38040
38041
38042
38043
38045
38047
38048
38049
38051
38054
38055
38056
39001
39002
39003
39004
39006
39007
39008
39009
39011
39012
39013
39015
39016
39017
39018
39019
39020
39021
39022
39026
39029
39031
39032
39033
39034
39035
39036
39037
39040
39041
39042
39044
39045
39046
39047
39048
39050
39052
39053
39054
39055
39056
39057
39059
39061
39063
39064
39065
39066
39067
39068
39069
39070
39072
39073
39075
39077
39079
39081
39082
39084
39087
39088
39089
39090
39092
39093
39095
39097
39098
39100
39102
39103
39106
39107
39108
39109
39110
39111
39113
39115
39117
39118
39119
39121
39122
39124
39127
39128
39129
39130
39131
39132
39135
39136
39137
39138
39139
39140
41002
41004
41005
41006
41007
41008
41009
42001
42002
42003
42005
42006
42007
42009
42010
42012
42013
42014
42015
42017
42018
42021
42022
42023
42024
42025
42026
42027
42028
42031
42033
42034
42036
42037
42038
42040
42043
42044
42046
42047
42049
42050
42051
42052
43001
43024
43030
43034
43036
43039
43041
43044
43047
43050
43051
44001
44003
44006
44009
44010
44011
44012
44013
44015
44016
44017
44018
44020
44023
44024
44026
44028
44030
44031
44033
44037
44038
44039
44041
44042
44043
44044
44046
44047
44049
44051
44053
44054
44055
44056
44057
44058
44059
44060
44061
44062
44063
44065
44066
44067
44068
44069
44071
44073
44074
44075
44077
44078
44082
44083
44088
44089
44091
45001
45004
45005
45006
45008
45011
45012
45014
45016
45020
45021
45022
45023
45031
45034
45035
45036
45038
45052
45053
45058
45060
45061
45062
45064
45066
45068
45070
45072
45073
45080
45081
45083
45086
45094
45095
45096
45099
45100
45101
45102
45111
45112
45114
45122
45125
45131
45133
45134
45136
45138
45139
45146
45148
45149
45151
45152
45156
45158
45159
45163
45167
45168
45169
45171
45174
45175
45177
45181
45191
45196
45198
45200
45202
45203
45204
45205
45211
45212
45213
45221
45225
45226
45228
45229
45232
45233
45237
45240
45245
45250
45251
45252
45253
45254
45257
45260
45261
45263
45264
45265
45266
45267
45268
45271
45276
46001
46003
46004
46005
46008
46011
46012
46020
46023
46025
46028
46030
46032
47002
47003
47005
47006
47007
47008
47009
47010
47011
47012
47015
49001
49002
49003
49004
49006
49007
49008
49010
49011
49012
49013
49014
49015
49016
49017
49018
49019
49020
49021
49023
49024
49026
49027
49028
49032
49033
49034
49035
49037
49038
49039
49042
49043
49044
49045
49046
49047
49048
49049
49051
49053
49054
49056
49057
49059
49060
49062
49063
49065
49066
49067
50001
50002
50003
50004
50005
50006
50007
50009
50010
50012
50014
50015
50018
50022
50023
50024
50025
50028
50029
50031
50035
50036
50039
50042
50044
50045
50048
50050
50051
50052
50054
50056
50059
50060
50061
50064
50065
50066
50067
50068
51001
51003
51004
51005
51006
51007
51008
51014
51015
51017
51018
51022
51024
51025
51026
51027
51028
51030
51031
51032
51036
51038
51040
51042
51044
52001
52002
52003
52005
52007
52009
52010
52011
52015
52016
52018
52021
52024
52027
52029
52030
52031
52035
52037
52038
52039
52041
52043
52045
52047
52048
52049
52050
52051
52052
52053
52054
52055
52056
52057
52058
52059
52060
52063
52065
52067
52072
52073
52074
52075
52076
52077
52079
52080
52081
52083
52084
52085
52091
52092
52093
52095
52096
52097
52098
52099
52100
52102
52103
52104
52107
52108
53003
53004
53005
53006
53007
53010
53012
53017
53020
53021
53026
