24009
24025
24027
24033
24035
24046
24080
24124
24126
24003
24006
24007
24008
24015
24016
24017
24019
24020
24021
24029
24030
24031
24037
24038
24043
24045
24047
24048
24055
24056
24057
24063
24064
24065
24068
24071
24076
24077
24078
24081
24082
24084
24085
24086
24087
24088
24097
24099
24100
24103
24104
24106
24108
24112
24114
24115
24117
24128
24129
24131
24134
24135
24005
24010
24023
24061
24090
24098
24101
24127
24014
24044
24066
24074
24093
24105
24113
24118
24119
24024
24039
24041
24052
24072
24116
24120
24001
24011
24013
24018
24032
24034
24040
24042
24091
24095
24121
24141
35014
24012
24028
24050
24060
24102
24130
24022
24053
24058
24059
24062
24067
24069
24073
24089
24096
24107
24122
24125
24133
24136
24138
24137
52071
52005
52037
52008
52013
52022
52027
52034
52055
52086
52088
52025
52001
52006
52039
52062
52066
52083
52089
52002
52003
52017
52061
52084
52100
52035
52044
52049
52050
52065
52093
52096
52004
52045
52075
52095
52097
52105
52007
52009
52010
52014
52020
52023
52024
52028
52031
52033
52038
52041
52047
52048
52052
52058
52074
52076
52078
52081
52092
52098
52012
52018
52046
52051
52053
52060
52069
52080
52090
52091
52107
52108
52015
52016
52021
52029
52030
52036
52043
52054
52057
52063
52072
52073
52077
52085
52099
52103
52104
52011
52059
52067
52082
52101
52106
52026
52056
52070
52079
52102
23083
23002
23007
23020
23030
23051
23057
23066
23099
23114
23121
23024
23034
23113
23117
23124
23026
23042
23078
23092
23106
23119
23031
23063
23012
23013
23033
23039
23041
23047
23050
23052
23061
23094
23127
23003
23004
23009
23022
23027
23049
23058
23073
23087
23111
23115
23005
23015
23018
23021
23062
23079
23086
23108
23023
23029
23044
23054
23056
23060
23064
23070
23072
23080
23082
23085
23038
23067
23081
23017
23019
23035
23088
23101
23075
23091
23068
23095
23097
23105
23118
23006
23008
23010
23014
23016
23025
23036
23045
23071
23074
23089
23098
23100
23110
23112
23122
23011
23104
23109
23120
23032
23040
23069
23084
23116
23055
23076
23053
14001
14048
14116
14124
14005
14121
14011
14110
14012
14024
14055
14057
14097
14101
14023
14006
14037
14063
14082
14004
14040
14060
14072
14104
14125
14032
14062
14095
14068
14069
14090
14010
14038
14039
14050
14071
14084
14098
14141
14147
14014
14047
14065
14070
14088
14100
14105
14106
14107
14127
14132
14146
14008
14028
14031
14045
14054
14085
14111
14115
14117
14131
14143
14016
14018
14019
14026
14029
14035
14044
14056
14061
14066
14075
14076
14077
14102
14109
14112
14119
14123
14128
14134
14137
14027
14049
14064
14080
14089
14103
14136
14138
14017
14036
14043
14053
14073
14083
14092
14099
14114
14118
14078
14086
14003
14094
14002
14007
14009
14013
14015
14020
14022
14033
14051
14052
14058
14059
14067
14079
14093
14096
14108
14113
14120
14126
14130
14140
14074
14139
33018
33088
33102
33045
33123
33133
33001
33004
33016
33020
33023
33025
33036
33043
33044
33050
33060
33071
33104
33105
33112
33113
33127
33010
33087
33093
33115
33131
33142
39083
33012
33079
33006
33015
33030
33033
33047
33055
33059
33061
33063
33065
33073
33083
33084
33086
33091
33119
33003
33008
33009
33034
33038
33039
33042
33048
33053
33057
33070
33075
33089
33095
33098
33101
33106
33108
33114
33116
33118
33122
33124
33130
33137
33037
33064
33076
33128
33014
33066
33067
33080
33121
33007
33011
33017
33022
33031
33041
33052
33056
33081
33097
33107
33117
33132
33136
33002
33005
33019
33029
33040
33046
33049
33068
33090
33092
33094
33109
33120
33125
33135
33013
33024
33028
33032
33074
33077
33078
33082
33085
33096
33100
33139
33140
39088
39113
39003
39008
39026
39036
39037
39052
39068
39092
39102
39110
39004
39025
39042
39055
39096
39107
39125
39007
39009
39031
39058
39069
39072
39085
39104
39112
39118
39119
39138
33058
33138
39011
39029
39030
39041
39044
39047
39060
39077
39105
39117
39121
39126
39130
39018
39021
39022
39045
39050
39053
39067
39070
39073
39132
39059
39080
39114
39115
39139
39017
39040
39063
39136
39001
39012
39015
39032
39033
39034
39064
39065
39079
39090
39093
39095
39097
39106
39128
39129
39135
39002
39006
39010
39013
39014
39016
39019
39024
39028
39035
39039
39046
39048
39056
39057
39062
39066
39074
39075
39081
39082
39084
39087
39089
39098
39101
39111
39127
39131
39005
39099
39100
39103
33027
39108
39122
39124
39134
39020
39054
39094
39109
39120
39061
39137
39049
39140
33035
33069
33072
33099
33103
33111
33126
39133
36016
36033
36051
36089
36108
36001
36007
36094
36109
36002
36020
36035
36036
36069
36075
36085
36121
36009
36023
36047
36050
36052
36086
36116
36120
36005
36010
36013
36021
36025
36039
36045
36046
36056
36059
36071
36072
36081
36083
36087
36088
36096
36118
36004
36006
36008
36012
36017
36019
36022
36024
36027
36029
36034
36043
36044
36048
36054
36057
36060
36061
36063
36064
36065
36066
36068
36076
36077
36079
36080
36091
36093
36097
36106
36112
36114
36119
36124
36014
36026
36032
36049
36058
36090
36098
36099
36100
36105
36107
36038
36062
36055
36074
36122
36015
36040
36041
36042
36070
36078
36084
36092
36102
36103
36104
36113
36095
36110
36123
36028
36011
36018
36037
36067
36101
36053
15019
15030
15043
15055
15082
15001
15005
15006
15007
15010
15015
15016
15018
15020
15025
15028
15029
15032
15033
15034
15039
15044
15049
15050
15051
15053
15054
15056
15060
15061
15062
15065
15070
15072
15074
15075
15080
15088
15045
15069
15087
15036
15057
15089
15022
15023
15035
15058
15011
15024
15031
15047
15066
15071
15076
15091
15013
15077
15079
15012
15017
15041
15052
15059
15064
15073
15093
15004
15048